1.283029e-18
1.283029e-18
1.299387e-18
1.315953e-18
1.332730e-18
1.349721e-18
1.366928e-18
1.384355e-18
1.402005e-18
1.419879e-18
1.437981e-18
1.456314e-18
1.474880e-18
1.493684e-18
1.512727e-18
1.532012e-18
1.551544e-18
1.571325e-18
1.591358e-18
1.611646e-18
1.632193e-18
1.653002e-18
1.674076e-18
1.695419e-18
1.717034e-18
1.738924e-18
1.761094e-18
1.783546e-18
1.806284e-18
1.829313e-18
1.852635e-18
1.876254e-18
1.900174e-18
1.924400e-18
1.948934e-18
1.973781e-18
1.998945e-18
2.024429e-18
2.050239e-18
2.076377e-18
2.102849e-18
2.129659e-18
2.156810e-18
2.184307e-18
2.212155e-18
2.240357e-18
2.268920e-18
2.297846e-18
2.327142e-18
2.356810e-18
2.386857e-18
2.417288e-18
2.448106e-18
2.479317e-18
2.510925e-18
2.542937e-18
2.575357e-18
2.608191e-18
2.641442e-18
2.675118e-18
2.709223e-18
2.743763e-18
2.778744e-18
2.814170e-18
2.850048e-18
2.886383e-18
2.923182e-18
2.960450e-18
2.998192e-18
3.036416e-18
3.075128e-18
3.114333e-18
3.154037e-18
3.194248e-18
3.234972e-18
3.276215e-18
3.317983e-18
3.360284e-18
3.403124e-18
3.446511e-18
3.490451e-18
3.534950e-18
3.580018e-18
3.625659e-18
3.671883e-18
3.718696e-18
3.766106e-18
3.814120e-18
3.862746e-18
3.911992e-18
3.961867e-18
4.012376e-18
4.063530e-18
4.115336e-18
4.167803e-18
4.220938e-18
4.274751e-18
4.329250e-18
4.384444e-18
4.440341e-18
4.496951e-18
4.554283e-18
4.612346e-18
4.671149e-18
4.730701e-18
4.791013e-18
4.852094e-18
4.913953e-18
4.976601e-18
5.040048e-18
5.104304e-18
5.169379e-18
5.235283e-18
5.302028e-18
5.369624e-18
5.438081e-18
5.507411e-18
5.577626e-18
5.648735e-18
5.720751e-18
5.793685e-18
5.867549e-18
5.942354e-18
6.018113e-18
6.094838e-18
6.172542e-18
6.251236e-18
6.330933e-18
6.411646e-18
6.493388e-18
6.576172e-18
6.660012e-18
6.744921e-18
6.830912e-18
6.918000e-18
7.006197e-18
7.095520e-18
7.185980e-18
7.277595e-18
7.370377e-18
7.464342e-18
7.559505e-18
7.655882e-18
7.753487e-18
7.852336e-18
7.952446e-18
8.053832e-18
8.156510e-18
8.260498e-18
8.365811e-18
8.472467e-18
8.580482e-18
8.689875e-18
8.800663e-18
8.912863e-18
9.026493e-18
9.141572e-18
9.258118e-18
9.376150e-18
9.495687e-18
9.616748e-18
9.739352e-18
9.863519e-18
9.989269e-18
1.011662e-17
1.024560e-17
1.037622e-17
1.050851e-17
1.064248e-17
1.077816e-17
1.091557e-17
1.105474e-17
1.119567e-17
1.133841e-17
1.148296e-17
1.162936e-17
1.177762e-17
1.192777e-17
1.207984e-17
1.223385e-17
1.238982e-17
1.254778e-17
1.270775e-17
1.286976e-17
1.303384e-17
1.320000e-17
1.336829e-17
1.353872e-17
1.371133e-17
1.388614e-17
1.406317e-17
1.424246e-17
1.442404e-17
1.460793e-17
1.479417e-17
1.498278e-17
1.517380e-17
1.536725e-17
1.556316e-17
1.576158e-17
1.596252e-17
1.616603e-17
1.637213e-17
1.658086e-17
1.679225e-17
1.700634e-17
1.722315e-17
1.744273e-17
1.766511e-17
1.789032e-17
1.811840e-17
1.834939e-17
1.858333e-17
1.882025e-17
1.906019e-17
1.930319e-17
1.954929e-17
1.979852e-17
2.005093e-17
2.030656e-17
2.056545e-17
2.082764e-17
2.109317e-17
2.136209e-17
2.163444e-17
2.191025e-17
2.218959e-17
2.247248e-17
2.275899e-17
2.304914e-17
2.334300e-17
2.364060e-17
2.394199e-17
2.424723e-17
2.455636e-17
2.486943e-17
2.518649e-17
2.550759e-17
2.583279e-17
2.616213e-17
2.649567e-17
2.683347e-17
2.717557e-17
2.752203e-17
2.787291e-17
2.822826e-17
2.858814e-17
2.895261e-17
2.932173e-17
2.969555e-17
3.007414e-17
3.045756e-17
3.084586e-17
3.123912e-17
3.163739e-17
3.204073e-17
3.244922e-17
3.286292e-17
3.328189e-17
3.370620e-17
3.413592e-17
3.457112e-17
3.501187e-17
3.545823e-17
3.591029e-17
3.636811e-17
3.683177e-17
3.730134e-17
3.777690e-17
3.825852e-17
3.874627e-17
3.924025e-17
3.974053e-17
4.024718e-17
4.076029e-17
4.127995e-17
4.180622e-17
4.233921e-17
4.287900e-17
4.342566e-17
4.397930e-17
4.453999e-17
4.510783e-17
4.568291e-17
4.626533e-17
4.685516e-17
4.745252e-17
4.805749e-17
4.867018e-17
4.929068e-17
4.991909e-17
5.055551e-17
5.120004e-17
5.185279e-17
5.251386e-17
5.318336e-17
5.386140e-17
5.454808e-17
5.524351e-17
5.594782e-17
5.666110e-17
5.738347e-17
5.811505e-17
5.885596e-17
5.960632e-17
6.036624e-17
6.113585e-17
6.191527e-17
6.270463e-17
6.350406e-17
6.431367e-17
6.513361e-17
6.596400e-17
6.680498e-17
6.765667e-17
6.851923e-17
6.939278e-17
7.027747e-17
7.117344e-17
7.208084e-17
7.299980e-17
7.393047e-17
7.487301e-17
7.582757e-17
7.679430e-17
7.777335e-17
7.876489e-17
7.976906e-17
8.078604e-17
8.181598e-17
8.285906e-17
8.391543e-17
8.498527e-17
8.606875e-17
8.716604e-17
8.827732e-17
8.940277e-17
9.054257e-17
9.169690e-17
9.286595e-17
9.404990e-17
9.524894e-17
9.646327e-17
9.769309e-17
9.893858e-17
1.001999e-16
1.014774e-16
1.027711e-16
1.040814e-16
1.054083e-16
1.067522e-16
1.081131e-16
1.094915e-16
1.108874e-16
1.123011e-16
1.137328e-16
1.151828e-16
1.166513e-16
1.181385e-16
1.196446e-16
1.211700e-16
1.227148e-16
1.242793e-16
1.258637e-16
1.274683e-16
1.290934e-16
1.307393e-16
1.324061e-16
1.340941e-16
1.358037e-16
1.375350e-16
1.392885e-16
1.410643e-16
1.428627e-16
1.446841e-16
1.465286e-16
1.483967e-16
1.502886e-16
1.522047e-16
1.541451e-16
1.561103e-16
1.581006e-16
1.601162e-16
1.621576e-16
1.642249e-16
1.663186e-16
1.684390e-16
1.705864e-16
1.727613e-16
1.749638e-16
1.771944e-16
1.794535e-16
1.817413e-16
1.840583e-16
1.864049e-16
1.887814e-16
1.911882e-16
1.936256e-16
1.960942e-16
1.985942e-16
2.011261e-16
2.036902e-16
2.062871e-16
2.089170e-16
2.115805e-16
2.142780e-16
2.170098e-16
2.197765e-16
2.225784e-16
2.254161e-16
2.282899e-16
2.312004e-16
2.341480e-16
2.371331e-16
2.401563e-16
2.432181e-16
2.463189e-16
2.494592e-16
2.526396e-16
2.558605e-16
2.591224e-16
2.624260e-16
2.657717e-16
2.691600e-16
2.725915e-16
2.760668e-16
2.795864e-16
2.831509e-16
2.867608e-16
2.904167e-16
2.941192e-16
2.978689e-16
3.016665e-16
3.055124e-16
3.094074e-16
3.133521e-16
3.173470e-16
3.213929e-16
3.254903e-16
3.296400e-16
3.338426e-16
3.380987e-16
3.424092e-16
3.467746e-16
3.511956e-16
3.556730e-16
3.602075e-16
3.647998e-16
3.694506e-16
3.741607e-16
3.789309e-16
3.837619e-16
3.886545e-16
3.936095e-16
3.986276e-16
4.037097e-16
4.088566e-16
4.140692e-16
4.193481e-16
4.246944e-16
4.301089e-16
4.355923e-16
4.411457e-16
4.467699e-16
4.524658e-16
4.582343e-16
4.640763e-16
4.699928e-16
4.759848e-16
4.820531e-16
4.881988e-16
4.944229e-16
5.007263e-16
5.071101e-16
5.135752e-16
5.201228e-16
5.267539e-16
5.334695e-16
5.402707e-16
5.471586e-16
5.541344e-16
5.611990e-16
5.683538e-16
5.755997e-16
5.829381e-16
5.903700e-16
5.978966e-16
6.055192e-16
6.132390e-16
6.210572e-16
6.289750e-16
6.369939e-16
6.451149e-16
6.533395e-16
6.616689e-16
6.701046e-16
6.786478e-16
6.872999e-16
6.960623e-16
7.049364e-16
7.139236e-16
7.230255e-16
7.322433e-16
7.415787e-16
7.510331e-16
7.606081e-16
7.703051e-16
7.801257e-16
7.900716e-16
8.001442e-16
8.103453e-16
8.206764e-16
8.311392e-16
8.417354e-16
8.524667e-16
8.633348e-16
8.743415e-16
8.854885e-16
8.967776e-16
9.082107e-16
9.197895e-16
9.315159e-16
9.433918e-16
9.554191e-16
9.675998e-16
9.799358e-16
9.924290e-16
1.005081e-15
1.017895e-15
1.030872e-15
1.044015e-15
1.057325e-15
1.070805e-15
1.084457e-15
1.098283e-15
1.112285e-15
1.126465e-15
1.140827e-15
1.155371e-15
1.170101e-15
1.185018e-15
1.200126e-15
1.215427e-15
1.230922e-15
1.246615e-15
1.262508e-15
1.278604e-15
1.294905e-15
1.311414e-15
1.328133e-15
1.345066e-15
1.362214e-15
1.379581e-15
1.397169e-15
1.414982e-15
1.433021e-15
1.451291e-15
1.469793e-15
1.488532e-15
1.507509e-15
1.526728e-15
1.546193e-15
1.565905e-15
1.585869e-15
1.606087e-15
1.626563e-15
1.647300e-15
1.668302e-15
1.689571e-15
1.711111e-15
1.732926e-15
1.755020e-15
1.777394e-15
1.800054e-15
1.823003e-15
1.846245e-15
1.869783e-15
1.893621e-15
1.917762e-15
1.942212e-15
1.966973e-15
1.992050e-15
2.017447e-15
2.043168e-15
2.069216e-15
2.095596e-15
2.122313e-15
2.149371e-15
2.176773e-15
2.204525e-15
2.232630e-15
2.261094e-15
2.289921e-15
2.319115e-15
2.348682e-15
2.378625e-15
2.408950e-15
2.439662e-15
2.470765e-15
2.502265e-15
2.534167e-15
2.566475e-15
2.599195e-15
2.632332e-15
2.665892e-15
2.699879e-15
2.734300e-15
2.769160e-15
2.804464e-15
2.840218e-15
2.876428e-15
2.913100e-15
2.950239e-15
2.987851e-15
3.025944e-15
3.064521e-15
3.103591e-15
3.143159e-15
3.183231e-15
3.223814e-15
3.264915e-15
3.306539e-15
3.348694e-15
3.391387e-15
3.434624e-15
3.478412e-15
3.522758e-15
3.567670e-15
3.613154e-15
3.659218e-15
3.705870e-15
3.753116e-15
3.800965e-15
3.849423e-15
3.898500e-15
3.948202e-15
3.998537e-15
4.049515e-15
4.101142e-15
4.153428e-15
4.206380e-15
4.260007e-15
4.314318e-15
4.369322e-15
4.425026e-15
4.481441e-15
4.538575e-15
4.596437e-15
4.655037e-15
4.714385e-15
4.774488e-15
4.835359e-15
4.897005e-15
4.959437e-15
5.022665e-15
5.086699e-15
5.151549e-15
5.217226e-15
5.283741e-15
5.351104e-15
5.419325e-15
5.488416e-15
5.558388e-15
5.629252e-15
5.701019e-15
5.773702e-15
5.847311e-15
5.921858e-15
5.997356e-15
6.073817e-15
6.151252e-15
6.229675e-15
6.309097e-15
6.389532e-15
6.470992e-15
6.553491e-15
6.637041e-15
6.721657e-15
6.807352e-15
6.894139e-15
6.982033e-15
7.071047e-15
7.161196e-15
7.252494e-15
7.344956e-15
7.438597e-15
7.533432e-15
7.629476e-15
7.726744e-15
7.825253e-15
7.925017e-15
8.026053e-15
8.128378e-15
8.232007e-15
8.336957e-15
8.443245e-15
8.550888e-15
8.659903e-15
8.770309e-15
8.882122e-15
8.995360e-15
9.110042e-15
9.226186e-15
9.343811e-15
9.462936e-15
9.583579e-15
9.705760e-15
9.829499e-15
9.954816e-15
1.008173e-14
1.021026e-14
1.034043e-14
1.047226e-14
1.060577e-14
1.074099e-14
1.087792e-14
1.101661e-14
1.115706e-14
1.129930e-14
1.144336e-14
1.158925e-14
1.173700e-14
1.188663e-14
1.203818e-14
1.219165e-14
1.234708e-14
1.250450e-14
1.266392e-14
1.282537e-14
1.298888e-14
1.315448e-14
1.332218e-14
1.349203e-14
1.366404e-14
1.383824e-14
1.401467e-14
1.419334e-14
1.437429e-14
1.455755e-14
1.474314e-14
1.493110e-14
1.512146e-14
1.531424e-14
1.550949e-14
1.570722e-14
1.590747e-14
1.611027e-14
1.631566e-14
1.652367e-14
1.673433e-14
1.694768e-14
1.716375e-14
1.738257e-14
1.760418e-14
1.782861e-14
1.805591e-14
1.828611e-14
1.851924e-14
1.875534e-14
1.899445e-14
1.923661e-14
1.948186e-14
1.973023e-14
1.998178e-14
2.023652e-14
2.049452e-14
2.075581e-14
2.102042e-14
2.128841e-14
2.155982e-14
2.183468e-14
2.211306e-14
2.239498e-14
2.268049e-14
2.296964e-14
2.326248e-14
2.355906e-14
2.385941e-14
2.416360e-14
2.447166e-14
2.478365e-14
2.509962e-14
2.541961e-14
2.574369e-14
2.607189e-14
2.640429e-14
2.674092e-14
2.708184e-14
2.742710e-14
2.777677e-14
2.813090e-14
2.848954e-14
2.885275e-14
2.922060e-14
2.959313e-14
2.997042e-14
3.035251e-14
3.073947e-14
3.113137e-14
3.152827e-14
3.193022e-14
3.233730e-14
3.274957e-14
3.316710e-14
3.358994e-14
3.401818e-14
3.445188e-14
3.489111e-14
3.533594e-14
3.578644e-14
3.624268e-14
3.670474e-14
3.717269e-14
3.764660e-14
3.812656e-14
3.861264e-14
3.910491e-14
3.960346e-14
4.010836e-14
4.061971e-14
4.113757e-14
4.166203e-14
4.219318e-14
4.273110e-14
4.327588e-14
4.382761e-14
4.438637e-14
4.495225e-14
4.552535e-14
4.610575e-14
4.669356e-14
4.728885e-14
4.789174e-14
4.850231e-14
4.912067e-14
4.974691e-14
5.038114e-14
5.102345e-14
5.167395e-14
5.233274e-14
5.299993e-14
5.367563e-14
5.435994e-14
5.505298e-14
5.575485e-14
5.646567e-14
5.718555e-14
5.791461e-14
5.865296e-14
5.940073e-14
6.015803e-14
6.092499e-14
6.170172e-14
6.248836e-14
6.328503e-14
6.409185e-14
6.490896e-14
6.573648e-14
6.657456e-14
6.742332e-14
6.828290e-14
6.915344e-14
7.003508e-14
7.092796e-14
7.183222e-14
7.274801e-14
7.367548e-14
7.461477e-14
7.556604e-14
7.652943e-14
7.750511e-14
7.849322e-14
7.949393e-14
8.050740e-14
8.153379e-14
8.257327e-14
8.362600e-14
8.469215e-14
8.577189e-14
8.686540e-14
8.797285e-14
8.909442e-14
9.023028e-14
9.138063e-14
9.254565e-14
9.372551e-14
9.492042e-14
9.613056e-14
9.735614e-14
9.859733e-14
9.985435e-14
1.011274e-13
1.024167e-13
1.037224e-13
1.050447e-13
1.063840e-13
1.077403e-13
1.091138e-13
1.105049e-13
1.119138e-13
1.133406e-13
1.147855e-13
1.162489e-13
1.177310e-13
1.192320e-13
1.207520e-13
1.222915e-13
1.238506e-13
1.254296e-13
1.270287e-13
1.286482e-13
1.302883e-13
1.319494e-13
1.336316e-13
1.353353e-13
1.370607e-13
1.388081e-13
1.405777e-13
1.423700e-13
1.441850e-13
1.460233e-13
1.478849e-13
1.497703e-13
1.516797e-13
1.536135e-13
1.555719e-13
1.575553e-13
1.595640e-13
1.615983e-13
1.636585e-13
1.657450e-13
1.678581e-13
1.699981e-13
1.721654e-13
1.743603e-13
1.765833e-13
1.788345e-13
1.811145e-13
1.834235e-13
1.857620e-13
1.881303e-13
1.905288e-13
1.929578e-13
1.954178e-13
1.979092e-13
2.004324e-13
2.029877e-13
2.055756e-13
2.081965e-13
2.108508e-13
2.135389e-13
2.162613e-13
2.190184e-13
2.218107e-13
2.246386e-13
2.275025e-13
2.304029e-13
2.333404e-13
2.363152e-13
2.393280e-13
2.423792e-13
2.454693e-13
2.485988e-13
2.517682e-13
2.549780e-13
2.582287e-13
2.615209e-13
2.648550e-13
2.682317e-13
2.716514e-13
2.751146e-13
2.786221e-13
2.821742e-13
2.857717e-13
2.894150e-13
2.931048e-13
2.968416e-13
3.006260e-13
3.044587e-13
3.083402e-13
3.122713e-13
3.162524e-13
3.202843e-13
3.243677e-13
3.285030e-13
3.326911e-13
3.369326e-13
3.412282e-13
3.455785e-13
3.499843e-13
3.544463e-13
3.589651e-13
3.635416e-13
3.681764e-13
3.728702e-13
3.776240e-13
3.824383e-13
3.873140e-13
3.922519e-13
3.972527e-13
4.023173e-13
4.074465e-13
4.126410e-13
4.179018e-13
4.232296e-13
4.286254e-13
4.340900e-13
4.396242e-13
4.452290e-13
4.509052e-13
4.566538e-13
4.624757e-13
4.683718e-13
4.743431e-13
4.803905e-13
4.865150e-13
4.927176e-13
4.989993e-13
5.053610e-13
5.118039e-13
5.183289e-13
5.249371e-13
5.316295e-13
5.384073e-13
5.452714e-13
5.522231e-13
5.592634e-13
5.663935e-13
5.736144e-13
5.809275e-13
5.883337e-13
5.958344e-13
6.034307e-13
6.111239e-13
6.189151e-13
6.268057e-13
6.347968e-13
6.428899e-13
6.510861e-13
6.593868e-13
6.677933e-13
6.763071e-13
6.849293e-13
6.936615e-13
7.025050e-13
7.114613e-13
7.205317e-13
7.297178e-13
7.390210e-13
7.484428e-13
7.579847e-13
7.676482e-13
7.774350e-13
7.873465e-13
7.973844e-13
8.075503e-13
8.178458e-13
8.282725e-13
8.388322e-13
8.495265e-13
8.603571e-13
8.713259e-13
8.824344e-13
8.936846e-13
9.050782e-13
9.166171e-13
9.283030e-13
9.401380e-13
9.521238e-13
9.642625e-13
9.765559e-13
9.890060e-13
1.001615e-12
1.014385e-12
1.027317e-12
1.040414e-12
1.053678e-12
1.067112e-12
1.080716e-12
1.094495e-12
1.108448e-12
1.122580e-12
1.136892e-12
1.151386e-12
1.166065e-12
1.180931e-12
1.195987e-12
1.211235e-12
1.226677e-12
1.242316e-12
1.258154e-12
1.274194e-12
1.290439e-12
1.306891e-12
1.323552e-12
1.340426e-12
1.357515e-12
1.374822e-12
1.392350e-12
1.410101e-12
1.428079e-12
1.446285e-12
1.464724e-12
1.483398e-12
1.502310e-12
1.521463e-12
1.540860e-12
1.560504e-12
1.580399e-12
1.600548e-12
1.620953e-12
1.641619e-12
1.662548e-12
1.683744e-12
1.705210e-12
1.726949e-12
1.748966e-12
1.771264e-12
1.793846e-12
1.816716e-12
1.839877e-12
1.863334e-12
1.887089e-12
1.911148e-12
1.935513e-12
1.960189e-12
1.985180e-12
2.010489e-12
2.036120e-12
2.062079e-12
2.088369e-12
2.114993e-12
2.141957e-12
2.169265e-12
2.196921e-12
2.224930e-12
2.253295e-12
2.282023e-12
2.311116e-12
2.340581e-12
2.370421e-12
2.400642e-12
2.431247e-12
2.462243e-12
2.493635e-12
2.525426e-12
2.557623e-12
2.590230e-12
2.623253e-12
2.656697e-12
2.690567e-12
2.724869e-12
2.759609e-12
2.794791e-12
2.830422e-12
2.866507e-12
2.903052e-12
2.940063e-12
2.977546e-12
3.015507e-12
3.053952e-12
3.092887e-12
3.132318e-12
3.172252e-12
3.212695e-12
3.253654e-12
3.295135e-12
3.337144e-12
3.379690e-12
3.422777e-12
3.466415e-12
3.510608e-12
3.555365e-12
3.600692e-12
3.646598e-12
3.693088e-12
3.740171e-12
3.787855e-12
3.836146e-12
3.885054e-12
3.934584e-12
3.984746e-12
4.035548e-12
4.086997e-12
4.139102e-12
4.191872e-12
4.245314e-12
4.299438e-12
4.354251e-12
4.409764e-12
4.465984e-12
4.522921e-12
4.580584e-12
4.638982e-12
4.698124e-12
4.758021e-12
4.818681e-12
4.880115e-12
4.942331e-12
5.005341e-12
5.069154e-12
5.133781e-12
5.199232e-12
5.265517e-12
5.332647e-12
5.400633e-12
5.469486e-12
5.539217e-12
5.609836e-12
5.681356e-12
5.753788e-12
5.827143e-12
5.901434e-12
5.976671e-12
6.052868e-12
6.130036e-12
6.208188e-12
6.287336e-12
6.367494e-12
6.448673e-12
6.530887e-12
6.614150e-12
6.698474e-12
6.783873e-12
6.870361e-12
6.957951e-12
7.046658e-12
7.136496e-12
7.227479e-12
7.319623e-12
7.412941e-12
7.507449e-12
7.603161e-12
7.700094e-12
7.798263e-12
7.897683e-12
7.998371e-12
8.100342e-12
8.203614e-12
8.308202e-12
8.414123e-12
8.521395e-12
8.630035e-12
8.740059e-12
8.851486e-12
8.964334e-12
9.078621e-12
9.194364e-12
9.311584e-12
9.430297e-12
9.550524e-12
9.672284e-12
9.795596e-12
9.920481e-12
1.004696e-11
1.017505e-11
1.030477e-11
1.043614e-11
1.056919e-11
1.070394e-11
1.084041e-11
1.097861e-11
1.111858e-11
1.126033e-11
1.140389e-11
1.154928e-11
1.169652e-11
1.184564e-11
1.199666e-11
1.214960e-11
1.230450e-11
1.246137e-11
1.262024e-11
1.278113e-11
1.294408e-11
1.310911e-11
1.327623e-11
1.344549e-11
1.361691e-11
1.379051e-11
1.396633e-11
1.414438e-11
1.432471e-11
1.450734e-11
1.469229e-11
1.487961e-11
1.506931e-11
1.526142e-11
1.545599e-11
1.565304e-11
1.585260e-11
1.605471e-11
1.625939e-11
1.646668e-11
1.667662e-11
1.688923e-11
1.710455e-11
1.732261e-11
1.754346e-11
1.776712e-11
1.799364e-11
1.822304e-11
1.845536e-11
1.869065e-11
1.892894e-11
1.917026e-11
1.941467e-11
1.966218e-11
1.991286e-11
2.016673e-11
2.042383e-11
2.068422e-11
2.094792e-11
2.121499e-11
2.148546e-11
2.175938e-11
2.203679e-11
2.231773e-11
2.260226e-11
2.289042e-11
2.318225e-11
2.347780e-11
2.377712e-11
2.408026e-11
2.438726e-11
2.469817e-11
2.501305e-11
2.533194e-11
2.565490e-11
2.598197e-11
2.631322e-11
2.664868e-11
2.698843e-11
2.733250e-11
2.768097e-11
2.803387e-11
2.839128e-11
2.875324e-11
2.911981e-11
2.949106e-11
2.986705e-11
3.024782e-11
3.063345e-11
3.102400e-11
3.141952e-11
3.182009e-11
3.222577e-11
3.263661e-11
3.305270e-11
3.347409e-11
3.390085e-11
3.433305e-11
3.477077e-11
3.521406e-11
3.566301e-11
3.611767e-11
3.657814e-11
3.704448e-11
3.751676e-11
3.799506e-11
3.847946e-11
3.897003e-11
3.946686e-11
3.997003e-11
4.047961e-11
4.099568e-11
4.151834e-11
4.204766e-11
4.258372e-11
4.312662e-11
4.367645e-11
4.423328e-11
4.479721e-11
4.536833e-11
4.594673e-11
4.653251e-11
4.712575e-11
4.772656e-11
4.833503e-11
4.895125e-11
4.957533e-11
5.020737e-11
5.084746e-11
5.149572e-11
5.215224e-11
5.281713e-11
5.349050e-11
5.417245e-11
5.486309e-11
5.556255e-11
5.627091e-11
5.698831e-11
5.771486e-11
5.845067e-11
5.919586e-11
5.995055e-11
6.071486e-11
6.148891e-11
6.227284e-11
6.306675e-11
6.387079e-11
6.468508e-11
6.550975e-11
6.634494e-11
6.719077e-11
6.804739e-11
6.891493e-11
6.979353e-11
7.068333e-11
7.158447e-11
7.249710e-11
7.342137e-11
7.435742e-11
7.530540e-11
7.626548e-11
7.723779e-11
7.822249e-11
7.921975e-11
8.022973e-11
8.125258e-11
8.228847e-11
8.333757e-11
8.440004e-11
8.547606e-11
8.656579e-11
8.766942e-11
8.878712e-11
8.991907e-11
9.106545e-11
9.222645e-11
9.340225e-11
9.459303e-11
9.579900e-11
9.702035e-11
9.825726e-11
9.950995e-11
1.007786e-10
1.020634e-10
1.033646e-10
1.046824e-10
1.060170e-10
1.073687e-10
1.087375e-10
1.101238e-10
1.115278e-10
1.129496e-10
1.143896e-10
1.158480e-10
1.173249e-10
1.188207e-10
1.203356e-10
1.218697e-10
1.234234e-10
1.249970e-10
1.265906e-10
1.282045e-10
1.298390e-10
1.314943e-10
1.331707e-10
1.348685e-10
1.365879e-10
1.383293e-10
1.400929e-10
1.418789e-10
1.436877e-10
1.455196e-10
1.473748e-10
1.492537e-10
1.511566e-10
1.530837e-10
1.550353e-10
1.570119e-10
1.590136e-10
1.610409e-10
1.630940e-10
1.651733e-10
1.672791e-10
1.694117e-10
1.715716e-10
1.737590e-10
1.759742e-10
1.782177e-10
1.804898e-10
1.827909e-10
1.851213e-10
1.874814e-10
1.898716e-10
1.922923e-10
1.947438e-10
1.972266e-10
1.997411e-10
2.022876e-10
2.048665e-10
2.074784e-10
2.101235e-10
2.128024e-10
2.155154e-10
2.182630e-10
2.210457e-10
2.238638e-10
2.267178e-10
2.296083e-10
2.325356e-10
2.355002e-10
2.385026e-10
2.415432e-10
2.446227e-10
2.477414e-10
2.508998e-10
2.540986e-10
2.573381e-10
2.606189e-10
2.639415e-10
2.673065e-10
2.707144e-10
2.741658e-10
2.776611e-10
2.812010e-10
2.847860e-10
2.884168e-10
2.920938e-10
2.958177e-10
2.995891e-10
3.034086e-10
3.072768e-10
3.111942e-10
3.151617e-10
3.191797e-10
3.232489e-10
3.273700e-10
3.315437e-10
3.357705e-10
3.400513e-10
3.443866e-10
3.487772e-10
3.532237e-10
3.577270e-10
3.622877e-10
3.669065e-10
3.715842e-10
3.763215e-10
3.811193e-10
3.859782e-10
3.908990e-10
3.958826e-10
4.009297e-10
4.060412e-10
4.112178e-10
4.164604e-10
4.217699e-10
4.271470e-10
4.325927e-10
4.381079e-10
4.436933e-10
4.493500e-10
4.550788e-10
4.608806e-10
4.667564e-10
4.727070e-10
4.787336e-10
4.848370e-10
4.910182e-10
4.972782e-10
5.036180e-10
5.100386e-10
5.165411e-10
5.231265e-10
5.297959e-10
5.365503e-10
5.433908e-10
5.503185e-10
5.573345e-10
5.644399e-10
5.716360e-10
5.789238e-10
5.863045e-10
5.937793e-10
6.013494e-10
6.090161e-10
6.167804e-10
6.246438e-10
6.326074e-10
6.406725e-10
6.488405e-10
6.571125e-10
6.654901e-10
6.739744e-10
6.825669e-10
6.912690e-10
7.000820e-10
7.090074e-10
7.180465e-10
7.272009e-10
7.364720e-10
7.458613e-10
7.553703e-10
7.650006e-10
7.747536e-10
7.846309e-10
7.946342e-10
8.047650e-10
8.150250e-10
8.254158e-10
8.359390e-10
8.465964e-10
8.573897e-10
8.683206e-10
8.793908e-10
8.906022e-10
9.019565e-10
9.134556e-10
9.251013e-10
9.368954e-10
9.488399e-10
9.609367e-10
9.731877e-10
9.855949e-10
9.981603e-10
1.010886e-09
1.023774e-09
1.036826e-09
1.050044e-09
1.063431e-09
1.076989e-09
1.090720e-09
1.104625e-09
1.118708e-09
1.132971e-09
1.147415e-09
1.162043e-09
1.176858e-09
1.191862e-09
1.207057e-09
1.222446e-09
1.238031e-09
1.253814e-09
1.269799e-09
1.285988e-09
1.302383e-09
1.318987e-09
1.335803e-09
1.352833e-09
1.370081e-09
1.387548e-09
1.405238e-09
1.423153e-09
1.441297e-09
1.459672e-09
1.478281e-09
1.497128e-09
1.516215e-09
1.535545e-09
1.555122e-09
1.574948e-09
1.595027e-09
1.615362e-09
1.635957e-09
1.656814e-09
1.677936e-09
1.699328e-09
1.720993e-09
1.742934e-09
1.765155e-09
1.787659e-09
1.810450e-09
1.833531e-09
1.856907e-09
1.880581e-09
1.904556e-09
1.928837e-09
1.953428e-09
1.978333e-09
2.003554e-09
2.029098e-09
2.054967e-09
2.081166e-09
2.107698e-09
2.134570e-09
2.161783e-09
2.189344e-09
2.217256e-09
2.245524e-09
2.274152e-09
2.303145e-09
2.332508e-09
2.362245e-09
2.392362e-09
2.422862e-09
2.453751e-09
2.485034e-09
2.516716e-09
2.548801e-09
2.581296e-09
2.614205e-09
2.647534e-09
2.681287e-09
2.715471e-09
2.750091e-09
2.785151e-09
2.820659e-09
2.856620e-09
2.893039e-09
2.929923e-09
2.967276e-09
3.005106e-09
3.043418e-09
3.082219e-09
3.121514e-09
3.161311e-09
3.201614e-09
3.242432e-09
3.283769e-09
3.325634e-09
3.368033e-09
3.410972e-09
3.454459e-09
3.498500e-09
3.543102e-09
3.588273e-09
3.634020e-09
3.680350e-09
3.727271e-09
3.774790e-09
3.822915e-09
3.871654e-09
3.921014e-09
3.971003e-09
4.021629e-09
4.072901e-09
4.124826e-09
4.177414e-09
4.230672e-09
4.284609e-09
4.339233e-09
4.394554e-09
4.450581e-09
4.507321e-09
4.564785e-09
4.622982e-09
4.681920e-09
4.741610e-09
4.802061e-09
4.863283e-09
4.925285e-09
4.988077e-09
5.051671e-09
5.116074e-09
5.181299e-09
5.247356e-09
5.314255e-09
5.382006e-09
5.450621e-09
5.520112e-09
5.590488e-09
5.661761e-09
5.733943e-09
5.807045e-09
5.881079e-09
5.956057e-09
6.031991e-09
6.108893e-09
6.186776e-09
6.265651e-09
6.345532e-09
6.426431e-09
6.508362e-09
6.591337e-09
6.675370e-09
6.760475e-09
6.846664e-09
6.933953e-09
7.022354e-09
7.111882e-09
7.202551e-09
7.294377e-09
7.387373e-09
7.481555e-09
7.576937e-09
7.673536e-09
7.771366e-09
7.870443e-09
7.970784e-09
8.072404e-09
8.175319e-09
8.279546e-09
8.385102e-09
8.492004e-09
8.600269e-09
8.709914e-09
8.820957e-09
8.933416e-09
9.047308e-09
9.162652e-09
9.279467e-09
9.397771e-09
9.517584e-09
9.638924e-09
9.761811e-09
9.886264e-09
1.001230e-08
1.013995e-08
1.026923e-08
1.040015e-08
1.053274e-08
1.066702e-08
1.080302e-08
1.094074e-08
1.108023e-08
1.122149e-08
1.136455e-08
1.150944e-08
1.165617e-08
1.180478e-08
1.195528e-08
1.210770e-08
1.226206e-08
1.241839e-08
1.257671e-08
1.273705e-08
1.289944e-08
1.306389e-08
1.323044e-08
1.339912e-08
1.356994e-08
1.374295e-08
1.391816e-08
1.409560e-08
1.427531e-08
1.445730e-08
1.464162e-08
1.482828e-08
1.501733e-08
1.520879e-08
1.540268e-08
1.559905e-08
1.579793e-08
1.599933e-08
1.620331e-08
1.640989e-08
1.661910e-08
1.683097e-08
1.704555e-08
1.726287e-08
1.748295e-08
1.770584e-08
1.793157e-08
1.816018e-08
1.839171e-08
1.862619e-08
1.886365e-08
1.910414e-08
1.934770e-08
1.959437e-08
1.984418e-08
2.009717e-08
2.035339e-08
2.061288e-08
2.087567e-08
2.114181e-08
2.141135e-08
2.168433e-08
2.196078e-08
2.224076e-08
2.252431e-08
2.281147e-08
2.310229e-08
2.339682e-08
2.369511e-08
2.399720e-08
2.430314e-08
2.461298e-08
2.492678e-08
2.524457e-08
2.556641e-08
2.589236e-08
2.622246e-08
2.655677e-08
2.689534e-08
2.723823e-08
2.758549e-08
2.793718e-08
2.829335e-08
2.865407e-08
2.901938e-08
2.938935e-08
2.976403e-08
3.014349e-08
3.052780e-08
3.091699e-08
3.131116e-08
3.171034e-08
3.211462e-08
3.252405e-08
3.293870e-08
3.335864e-08
3.378393e-08
3.421464e-08
3.465084e-08
3.509261e-08
3.554000e-08
3.599310e-08
3.645198e-08
3.691671e-08
3.738736e-08
3.786401e-08
3.834674e-08
3.883562e-08
3.933074e-08
3.983217e-08
4.033999e-08
4.085429e-08
4.137514e-08
4.190263e-08
4.243685e-08
4.297788e-08
4.352580e-08
4.408071e-08
4.464270e-08
4.521185e-08
4.578826e-08
4.637201e-08
4.696321e-08
4.756195e-08
4.816832e-08
4.878241e-08
4.940434e-08
5.003420e-08
5.067209e-08
5.131811e-08
5.197236e-08
5.263496e-08
5.330600e-08
5.398560e-08
5.467387e-08
5.537091e-08
5.607683e-08
5.679176e-08
5.751580e-08
5.824907e-08
5.899169e-08
5.974377e-08
6.050545e-08
6.127683e-08
6.205805e-08
6.284923e-08
6.365050e-08
6.446198e-08
6.528381e-08
6.611611e-08
6.695903e-08
6.781269e-08
6.867724e-08
6.955280e-08
7.043953e-08
7.133757e-08
7.224705e-08
7.316813e-08
7.410096e-08
7.504567e-08
7.600243e-08
7.697139e-08
7.795270e-08
7.894652e-08
7.995301e-08
8.097233e-08
8.200465e-08
8.305013e-08
8.410894e-08
8.518125e-08
8.626722e-08
8.736705e-08
8.848089e-08
8.960894e-08
9.075136e-08
9.190835e-08
9.308010e-08
9.426678e-08
9.546859e-08
9.668572e-08
9.791837e-08
9.916673e-08
1.004310e-07
1.017114e-07
1.030081e-07
1.043214e-07
1.056514e-07
1.069983e-07
1.083625e-07
1.097440e-07
1.111431e-07
1.125601e-07
1.139951e-07
1.154484e-07
1.169203e-07
1.184109e-07
1.199205e-07
1.214494e-07
1.229978e-07
1.245659e-07
1.261539e-07
1.277623e-07
1.293911e-07
1.310407e-07
1.327114e-07
1.344033e-07
1.361168e-07
1.378522e-07
1.396097e-07
1.413896e-07
1.431921e-07
1.450177e-07
1.468665e-07
1.487389e-07
1.506352e-07
1.525557e-07
1.545006e-07
1.564703e-07
1.584652e-07
1.604855e-07
1.625315e-07
1.646036e-07
1.667021e-07
1.688274e-07
1.709798e-07
1.731596e-07
1.753673e-07
1.776030e-07
1.798673e-07
1.821604e-07
1.844828e-07
1.868348e-07
1.892167e-07
1.916291e-07
1.940721e-07
1.965464e-07
1.990521e-07
2.015899e-07
2.041599e-07
2.067628e-07
2.093988e-07
2.120684e-07
2.147721e-07
2.175102e-07
2.202833e-07
2.230917e-07
2.259359e-07
2.288163e-07
2.317335e-07
2.346879e-07
2.376799e-07
2.407101e-07
2.437790e-07
2.468869e-07
2.500345e-07
2.532222e-07
2.564505e-07
2.597200e-07
2.630312e-07
2.663846e-07
2.697807e-07
2.732201e-07
2.767034e-07
2.802311e-07
2.838038e-07
2.874220e-07
2.910864e-07
2.947974e-07
2.985558e-07
3.023621e-07
3.062169e-07
3.101209e-07
3.140746e-07
3.180788e-07
3.221340e-07
3.262409e-07
3.304001e-07
3.346124e-07
3.388784e-07
3.431988e-07
3.475742e-07
3.520055e-07
3.564932e-07
3.610381e-07
3.656410e-07
3.703026e-07
3.750236e-07
3.798048e-07
3.846469e-07
3.895508e-07
3.945172e-07
3.995469e-07
4.046407e-07
4.097995e-07
4.150240e-07
4.203152e-07
4.256738e-07
4.311007e-07
4.365968e-07
4.421630e-07
4.478001e-07
4.535092e-07
4.592910e-07
4.651465e-07
4.710766e-07
4.770824e-07
4.831647e-07
4.893246e-07
4.955630e-07
5.018810e-07
5.082795e-07
5.147595e-07
5.213222e-07
5.279686e-07
5.346997e-07
5.415166e-07
5.484204e-07
5.554122e-07
5.624932e-07
5.696644e-07
5.769271e-07
5.842823e-07
5.917314e-07
5.992754e-07
6.069155e-07
6.146531e-07
6.224893e-07
6.304255e-07
6.384628e-07
6.466026e-07
6.548461e-07
6.631948e-07
6.716498e-07
6.802127e-07
6.888848e-07
6.976674e-07
7.065620e-07
7.155699e-07
7.246928e-07
7.339319e-07
7.432888e-07
7.527650e-07
7.623620e-07
7.720814e-07
7.819247e-07
7.918935e-07
8.019893e-07
8.122139e-07
8.225689e-07
8.330558e-07
8.436765e-07
8.544325e-07
8.653257e-07
8.763578e-07
8.875305e-07
8.988456e-07
9.103050e-07
9.219105e-07
9.336640e-07
9.455673e-07
9.576223e-07
9.698311e-07
9.821955e-07
9.947175e-07
1.007399e-06
1.020243e-06
1.033250e-06
1.046423e-06
1.059763e-06
1.073274e-06
1.086958e-06
1.100815e-06
1.114850e-06
1.129063e-06
1.143457e-06
1.158035e-06
1.172799e-06
1.187751e-06
1.202894e-06
1.218230e-06
1.233761e-06
1.249490e-06
1.265420e-06
1.281553e-06
1.297891e-06
1.314438e-06
1.331196e-06
1.348167e-06
1.365355e-06
1.382762e-06
1.400391e-06
1.418245e-06
1.436326e-06
1.454638e-06
1.473183e-06
1.491964e-06
1.510985e-06
1.530249e-06
1.549758e-06
1.569516e-06
1.589526e-06
1.609791e-06
1.630314e-06
1.651099e-06
1.672149e-06
1.693467e-06
1.715057e-06
1.736923e-06
1.759067e-06
1.781493e-06
1.804205e-06
1.827207e-06
1.850502e-06
1.874094e-06
1.897987e-06
1.922185e-06
1.946691e-06
1.971509e-06
1.996644e-06
2.022099e-06
2.047879e-06
2.073988e-06
2.100429e-06
2.127207e-06
2.154327e-06
2.181793e-06
2.209608e-06
2.237779e-06
2.266308e-06
2.295201e-06
2.324463e-06
2.354098e-06
2.384110e-06
2.414505e-06
2.445288e-06
2.476463e-06
2.508035e-06
2.540010e-06
2.572393e-06
2.605188e-06
2.638402e-06
2.672039e-06
2.706105e-06
2.740605e-06
2.775545e-06
2.810931e-06
2.846767e-06
2.883061e-06
2.919817e-06
2.957042e-06
2.994741e-06
3.032921e-06
3.071588e-06
3.110748e-06
3.150407e-06
3.190572e-06
3.231248e-06
3.272444e-06
3.314164e-06
3.356416e-06
3.399207e-06
3.442544e-06
3.486433e-06
3.530882e-06
3.575897e-06
3.621486e-06
3.667657e-06
3.714416e-06
3.761771e-06
3.809730e-06
3.858300e-06
3.907490e-06
3.957306e-06
4.007758e-06
4.058853e-06
4.110600e-06
4.163006e-06
4.216080e-06
4.269831e-06
4.324267e-06
4.379397e-06
4.435230e-06
4.491775e-06
4.549041e-06
4.607037e-06
4.665772e-06
4.725256e-06
4.785498e-06
4.846509e-06
4.908297e-06
4.970873e-06
5.034247e-06
5.098429e-06
5.163429e-06
5.229257e-06
5.295925e-06
5.363443e-06
5.431822e-06
5.501072e-06
5.571206e-06
5.642233e-06
5.714166e-06
5.787016e-06
5.860795e-06
5.935514e-06
6.011186e-06
6.087823e-06
6.165437e-06
6.244040e-06
6.323646e-06
6.404266e-06
6.485914e-06
6.568603e-06
6.652347e-06
6.737157e-06
6.823050e-06
6.910037e-06
6.998133e-06
7.087352e-06
7.177709e-06
7.269218e-06
7.361894e-06
7.455751e-06
7.550804e-06
7.647069e-06
7.744562e-06
7.843298e-06
7.943292e-06
8.044561e-06
8.147122e-06
8.250990e-06
8.356182e-06
8.462715e-06
8.570606e-06
8.679873e-06
8.790533e-06
8.902604e-06
9.016103e-06
9.131050e-06
9.247462e-06
9.365358e-06
9.484757e-06
9.605679e-06
9.728142e-06
9.852166e-06
9.977771e-06
1.010498e-05
1.023381e-05
1.036428e-05
1.049641e-05
1.063023e-05
1.076576e-05
1.090301e-05
1.104201e-05
1.118279e-05
1.132536e-05
1.146974e-05
1.161597e-05
1.176406e-05
1.191404e-05
1.206594e-05
1.221977e-05
1.237556e-05
1.253333e-05
1.269312e-05
1.285495e-05
1.301883e-05
1.318481e-05
1.335290e-05
1.352314e-05
1.369555e-05
1.387015e-05
1.404698e-05
1.422607e-05
1.440744e-05
1.459112e-05
1.477714e-05
1.496553e-05
1.515633e-05
1.534956e-05
1.554525e-05
1.574344e-05
1.594415e-05
1.614742e-05
1.635329e-05
1.656178e-05
1.677292e-05
1.698676e-05
1.720333e-05
1.742265e-05
1.764477e-05
1.786973e-05
1.809755e-05
1.832827e-05
1.856194e-05
1.879859e-05
1.903825e-05
1.928097e-05
1.952679e-05
1.977573e-05
2.002785e-05
2.028319e-05
2.054178e-05
2.080367e-05
2.106889e-05
2.133750e-05
2.160953e-05
2.188504e-05
2.216405e-05
2.244662e-05
2.273279e-05
2.302261e-05
2.331613e-05
2.361339e-05
2.391443e-05
2.421932e-05
2.452809e-05
2.484080e-05
2.515750e-05
2.547823e-05
2.580305e-05
2.613202e-05
2.646517e-05
2.680258e-05
2.714429e-05
2.749035e-05
2.784082e-05
2.819577e-05
2.855524e-05
2.891929e-05
2.928798e-05
2.966137e-05
3.003953e-05
3.042250e-05
3.081036e-05
3.120316e-05
3.160097e-05
3.200385e-05
3.241187e-05
3.282509e-05
3.324358e-05
3.366740e-05
3.409663e-05
3.453133e-05
3.497157e-05
3.541742e-05
3.586896e-05
3.632625e-05
3.678938e-05
3.725841e-05
3.773342e-05
3.821448e-05
3.870168e-05
3.919509e-05
3.969478e-05
4.020085e-05
4.071338e-05
4.123243e-05
4.175811e-05
4.229048e-05
4.282964e-05
4.337568e-05
4.392868e-05
4.448872e-05
4.505591e-05
4.563033e-05
4.621207e-05
4.680123e-05
4.739790e-05
4.800218e-05
4.861416e-05
4.923394e-05
4.986163e-05
5.049732e-05
5.114111e-05
5.179311e-05
5.245342e-05
5.312215e-05
5.379940e-05
5.448529e-05
5.517993e-05
5.588342e-05
5.659588e-05
5.731742e-05
5.804816e-05
5.878822e-05
5.953771e-05
6.029676e-05
6.106548e-05
6.184401e-05
6.263246e-05
6.343096e-05
6.423965e-05
6.505864e-05
6.588807e-05
6.672808e-05
6.757880e-05
6.844036e-05
6.931291e-05
7.019658e-05
7.109152e-05
7.199787e-05
7.291577e-05
7.384538e-05
7.478683e-05
7.574029e-05
7.670591e-05
7.768383e-05
7.867423e-05
7.967725e-05
8.069305e-05
8.172181e-05
8.276368e-05
8.381884e-05
8.488745e-05
8.596968e-05
8.706571e-05
8.817571e-05
8.929987e-05
9.043836e-05
9.159136e-05
9.275906e-05
9.394164e-05
9.513931e-05
9.635224e-05
9.758064e-05
9.882470e-05
1.000846e-04
1.013606e-04
1.026528e-04
1.039616e-04
1.052870e-04
1.066293e-04
1.079887e-04
1.093655e-04
1.107598e-04
1.121718e-04
1.136019e-04
1.150502e-04
1.165170e-04
1.180025e-04
1.195069e-04
1.210305e-04
1.225735e-04
1.241362e-04
1.257188e-04
1.273216e-04
1.289449e-04
1.305888e-04
1.322537e-04
1.339398e-04
1.356474e-04
1.373767e-04
1.391282e-04
1.409019e-04
1.426983e-04
1.445175e-04
1.463600e-04
1.482259e-04
1.501157e-04
1.520295e-04
1.539677e-04
1.559307e-04
1.579186e-04
1.599319e-04
1.619709e-04
1.640359e-04
1.661272e-04
1.682451e-04
1.703901e-04
1.725624e-04
1.747624e-04
1.769905e-04
1.792469e-04
1.815321e-04
1.838465e-04
1.861904e-04
1.885641e-04
1.909681e-04
1.934028e-04
1.958685e-04
1.983656e-04
2.008946e-04
2.034558e-04
2.060496e-04
2.086766e-04
2.113370e-04
2.140313e-04
2.167600e-04
2.195235e-04
2.223222e-04
2.251566e-04
2.280271e-04
2.309343e-04
2.338784e-04
2.368602e-04
2.398799e-04
2.429381e-04
2.460354e-04
2.491721e-04
2.523488e-04
2.555660e-04
2.588242e-04
2.621240e-04
2.654658e-04
2.688502e-04
2.722778e-04
2.757491e-04
2.792646e-04
2.828249e-04
2.864307e-04
2.900824e-04
2.937807e-04
2.975261e-04
3.013193e-04
3.051608e-04
3.090513e-04
3.129914e-04
3.169817e-04
3.210229e-04
3.251157e-04
3.292606e-04
3.334583e-04
3.377096e-04
3.420151e-04
3.463754e-04
3.507914e-04
3.552636e-04
3.597929e-04
3.643799e-04
3.690254e-04
3.737301e-04
3.784948e-04
3.833202e-04
3.882072e-04
3.931564e-04
3.981688e-04
4.032451e-04
4.083860e-04
4.135926e-04
4.188655e-04
4.242056e-04
4.296138e-04
4.350910e-04
4.406380e-04
4.462557e-04
4.519450e-04
4.577068e-04
4.635422e-04
4.694519e-04
4.754369e-04
4.814983e-04
4.876369e-04
4.938538e-04
5.001500e-04
5.065264e-04
5.129841e-04
5.195242e-04
5.261476e-04
5.328554e-04
5.396488e-04
5.465288e-04
5.534965e-04
5.605531e-04
5.676996e-04
5.749372e-04
5.822671e-04
5.896904e-04
5.972084e-04
6.048222e-04
6.125331e-04
6.203423e-04
6.282511e-04
6.362607e-04
6.443724e-04
6.525875e-04
6.609074e-04
6.693333e-04
6.778666e-04
6.865088e-04
6.952611e-04
7.041250e-04
7.131019e-04
7.221932e-04
7.314005e-04
7.407252e-04
7.501687e-04
7.597326e-04
7.694184e-04
7.792278e-04
7.891622e-04
7.992232e-04
8.094125e-04
8.197318e-04
8.301825e-04
8.407666e-04
8.514855e-04
8.623411e-04
8.733351e-04
8.844693e-04
8.957454e-04
9.071653e-04
9.187308e-04
9.304437e-04
9.423060e-04
9.543194e-04
9.664861e-04
9.788078e-04
9.912867e-04
1.003925e-03
1.016724e-03
1.029686e-03
1.042813e-03
1.056108e-03
1.069573e-03
1.083209e-03
1.097018e-03
1.111004e-03
1.125169e-03
1.139513e-03
1.154041e-03
1.168754e-03
1.183654e-03
1.198745e-03
1.214028e-03
1.229505e-03
1.245180e-03
1.261055e-03
1.277132e-03
1.293415e-03
1.309904e-03
1.326604e-03
1.343517e-03
1.360646e-03
1.377993e-03
1.395561e-03
1.413353e-03
1.431372e-03
1.449620e-03
1.468102e-03
1.486819e-03
1.505774e-03
1.524971e-03
1.544413e-03
1.564103e-03
1.584044e-03
1.604239e-03
1.624691e-03
1.645404e-03
1.666382e-03
1.687626e-03
1.709142e-03
1.730932e-03
1.753000e-03
1.775349e-03
1.797983e-03
1.820905e-03
1.844120e-03
1.867631e-03
1.891441e-03
1.915555e-03
1.939977e-03
1.964709e-03
1.989757e-03
2.015125e-03
2.040816e-03
2.066834e-03
2.093184e-03
2.119870e-03
2.146897e-03
2.174268e-03
2.201987e-03
2.230060e-03
2.258492e-03
2.287285e-03
2.316446e-03
2.345978e-03
2.375887e-03
2.406177e-03
2.436854e-03
2.467921e-03
2.499385e-03
2.531250e-03
2.563521e-03
2.596203e-03
2.629302e-03
2.662823e-03
2.696772e-03
2.731153e-03
2.765972e-03
2.801236e-03
2.836949e-03
2.873117e-03
2.909747e-03
2.946843e-03
2.984412e-03
3.022461e-03
3.060994e-03
3.100019e-03
3.139541e-03
3.179567e-03
3.220103e-03
3.261157e-03
3.302733e-03
3.344840e-03
3.387483e-03
3.430670e-03
3.474408e-03
3.518703e-03
3.563563e-03
3.608995e-03
3.655007e-03
3.701604e-03
3.748796e-03
3.796590e-03
3.844993e-03
3.894012e-03
3.943657e-03
3.993935e-03
4.044854e-03
4.096422e-03
4.148647e-03
4.201538e-03
4.255104e-03
4.309352e-03
4.364292e-03
4.419933e-03
4.476283e-03
4.533351e-03
4.591147e-03
4.649679e-03
4.708958e-03
4.768993e-03
4.829793e-03
4.891368e-03
4.953728e-03
5.016884e-03
5.080844e-03
5.145620e-03
5.211221e-03
5.277659e-03
5.344944e-03
5.413087e-03
5.482099e-03
5.551990e-03
5.622773e-03
5.694458e-03
5.767056e-03
5.840581e-03
5.915042e-03
5.990453e-03
6.066826e-03
6.144172e-03
6.222504e-03
6.301835e-03
6.382177e-03
6.463544e-03
6.545948e-03
6.629402e-03
6.713921e-03
6.799516e-03
6.886204e-03
6.973996e-03
7.062908e-03
7.152953e-03
7.244146e-03
7.336502e-03
7.430035e-03
7.524761e-03
7.620694e-03
7.717851e-03
7.816246e-03
7.915895e-03
8.016815e-03
8.119022e-03
8.222531e-03
8.327361e-03
8.433526e-03
8.541046e-03
8.649936e-03
8.760214e-03
8.871898e-03
8.985006e-03
9.099556e-03
9.215567e-03
9.333056e-03
9.452044e-03
9.572548e-03
9.694589e-03
9.818185e-03
9.943357e-03
1.007013e-02
1.019851e-02
1.032853e-02
1.046021e-02
1.059357e-02
1.072862e-02
1.086540e-02
1.100393e-02
1.114422e-02
1.128629e-02
1.143018e-02
1.157591e-02
1.172349e-02
1.187295e-02
1.202432e-02
1.217762e-02
1.233287e-02
1.249010e-02
1.264934e-02
1.281061e-02
1.297393e-02
1.313934e-02
1.330685e-02
1.347650e-02
1.364831e-02
1.382231e-02
1.399853e-02
1.417700e-02
1.435774e-02
1.454079e-02
1.472617e-02
1.491392e-02
1.510406e-02
1.529662e-02
1.549163e-02
1.568914e-02
1.588916e-02
1.609173e-02
1.629688e-02
1.650465e-02
1.671507e-02
1.692817e-02
1.714399e-02
1.736256e-02
1.758392e-02
1.780809e-02
1.803513e-02
1.826506e-02
1.849792e-02
1.873375e-02
1.897259e-02
1.921447e-02
1.945944e-02
1.970752e-02
1.995878e-02
2.021323e-02
2.047093e-02
2.073191e-02
2.099623e-02
2.126391e-02
2.153500e-02
2.180955e-02
2.208760e-02
2.236920e-02
2.265438e-02
2.294321e-02
2.323571e-02
2.353194e-02
2.383195e-02
2.413578e-02
2.444349e-02
2.475512e-02
2.507073e-02
2.539035e-02
2.571406e-02
2.604189e-02
2.637389e-02
2.671014e-02
2.705066e-02
2.739553e-02
2.774480e-02
2.809852e-02
2.845675e-02
2.881954e-02
2.918696e-02
2.955907e-02
2.993592e-02
3.031757e-02
3.070409e-02
3.109554e-02
3.149198e-02
3.189347e-02
3.230008e-02
3.271188e-02
3.312892e-02
3.355128e-02
3.397903e-02
3.441223e-02
3.485095e-02
3.529526e-02
3.574525e-02
3.620096e-02
3.666249e-02
3.712990e-02
3.760327e-02
3.808268e-02
3.856819e-02
3.905990e-02
3.955787e-02
3.955787e-02
