   9.2151000e+00   9.5940100e+00
   1.6330520e+01   1.2019880e+01
   5.0350060e+01   1.9620050e+01
   1.0069317e+02   3.5326450e+01
   1.7458222e+02   6.1037960e+01
   3.2809529e+02   1.2397382e+02
   6.1659500e+02   2.7289778e+02
   1.1117317e+03   6.1291465e+02
   1.7741895e+03   1.3212956e+03
   3.0690220e+03   3.0269134e+03
   4.5081671e+03   6.1376201e+03
   6.6221650e+03   1.2189896e+04
   8.1283052e+03   1.7538805e+04
   1.0000000e+04   2.5150000e+04
   1.2500000e+04   3.7280000e+04
   1.5000000e+04   5.1470000e+04
   1.7500000e+04   6.7620000e+04
   2.0000000e+04   8.5660000e+04
   2.5000000e+04   1.2720000e+05
   3.0000000e+04   1.7560000e+05
   3.5000000e+04   2.3060000e+05
   4.0000000e+04   2.9190000e+05
   4.5000000e+04   3.5910000e+05
   5.0000000e+04   4.3200000e+05
   5.5000000e+04   5.1030000e+05
   6.0000000e+04   5.9400000e+05
   7.0000000e+04   7.7620000e+05
   8.0000000e+04   9.7730000e+05
   9.0000000e+04   1.1960000e+06
   1.0000000e+05   1.4310000e+06
   1.2500000e+05   2.0830000e+06
   1.5000000e+05   2.8170000e+06
   1.7500000e+05   3.6220000e+06
   2.0000000e+05   4.4880000e+06
   2.5000000e+05   6.3720000e+06
   3.0000000e+05   8.4210000e+06
   3.5000000e+05   1.0600000e+07
   4.0000000e+05   1.2880000e+07
   4.5000000e+05   1.5230000e+07
   5.0000000e+05   1.7660000e+07
   5.5000000e+05   2.0130000e+07
   6.0000000e+05   2.2650000e+07
   7.0000000e+05   2.7780000e+07
   8.0000000e+05   3.3020000e+07
   9.0000000e+05   3.8320000e+07
   1.0000000e+06   4.3670000e+07
   1.2500000e+06   5.7170000e+07
   1.5000000e+06   7.0750000e+07
   1.7500000e+06   8.4320000e+07
   2.0000000e+06   9.7850000e+07
   2.5000000e+06   1.2470000e+08
   3.0000000e+06   1.5140000e+08
   3.5000000e+06   1.7770000e+08
   4.0000000e+06   2.0370000e+08
   4.5000000e+06   2.2950000e+08
   5.0000000e+06   2.5500000e+08
   5.5000000e+06   2.8020000e+08
   6.0000000e+06   3.0520000e+08
   7.0000000e+06   3.5450000e+08
   8.0000000e+06   4.0300000e+08
   9.0000000e+06   4.5060000e+08
   1.0000000e+07   4.9750000e+08
   1.2500000e+07   6.1170000e+08
   1.5000000e+07   7.2190000e+08
   1.7500000e+07   8.2860000e+08
   2.0000000e+07   9.3200000e+08
   2.5000000e+07   1.1300000e+09
   3.0000000e+07   1.3170000e+09
   3.5000000e+07   1.4960000e+09
   4.0000000e+07   1.6650000e+09
   4.5000000e+07   1.8280000e+09
   5.0000000e+07   1.9830000e+09
   5.5000000e+07   2.1320000e+09
   6.0000000e+07   2.2760000e+09
   7.0000000e+07   2.5470000e+09
   8.0000000e+07   2.7990000e+09
   9.0000000e+07   3.0350000e+09
   1.0000000e+08   3.2580000e+09
   1.2500000e+08   3.7610000e+09
   1.5000000e+08   4.2040000e+09
   1.7500000e+08   4.6000000e+09
   2.0000000e+08   4.9570000e+09
   2.5000000e+08   5.5820000e+09
   3.0000000e+08   6.1160000e+09
   3.5000000e+08   6.5830000e+09
   4.0000000e+08   6.9960000e+09
   4.5000000e+08   7.3680000e+09
   5.0000000e+08   7.7060000e+09
   5.5000000e+08   8.0140000e+09
   6.0000000e+08   8.2990000e+09
   7.0000000e+08   8.8100000e+09
   8.0000000e+08   9.2580000e+09
   9.0000000e+08   9.6570000e+09
   1.0000000e+09   1.0020000e+10
