26530823.4877964
106115010.356107
238727713.514356
424327530.086515
662856540.101047
954240285.122855
1298387852.01221
1695191906.65149
2144528684.57912
2646258130.20871
3200223908.67792
3806253478.78754
4464158179.77988
5173733315.13490
5934758233.41622
6746996432.86157
7610195669.53401
8524088078.95104
9488390254.72911
10502803410.4398
11567013524.6137
12680691409.8700
13843492953.6085
15055059180.3955
16315016462.3897
17622976702.6291
18978537413.6386
20381281991.4373
21830779858.1563
23326586620.7679
24868244319.4852
26455281600.7176
28087213918.2657
29763543733.5452
31483760762.3583
33247342144.0501
35053752751.7985
36902445318.0082
38792860738.1830
40724428284.5810
42696565877.3839
44708680291.6958
46760167433.9910
48850412576.1213
50978790648.3250
53144666474.5350
55347395060.0301
57586321830.9658
59860782943.4274
62170105511.5484
64513607957.7154
66938476898.9433
69446969681.4512
72041358174.6331
74723923869.6898
77496952659.2186
80362728971.1691
83323529318.1095
86381615190.3456
89539225316.1514
92798567224.6713
96161807976.0912
99631064161.5657
103208391072.122
106895770925.626
110695100253.636
114608176245.316
118636682139.353
122782171600.496
127046051932.569
131429566270.866
135933774557.421
140559533449.405
145307474958.907
150177983941.330
155171174331.790
160286864299.009
165524550075.603
170883378709.701
176362119716.248
181959135558.844
187672351262.660
193499223029.403
199436706056.798
205481221711.949
211628624190.836
217874166770.174
224212468004.928
230637477996.000
237142444999.191
243719882759.053
250361538844.456
257058364335.749
263800485345.102
270577176776.431
277376838822.525
284186976709.648
290994184292.585
297784132027.081
304541560045.622
311250276900.315
317893164698.122
324452191344.610
330908430555.719
337242090401.342
343432551034.074
349458412327.530
355297552034.870
360927195101.456
366323994657.526
371464125122.131
376323387828.167
380877329329.680
385101372546.912
388970960659.584
392461713476.702
395549595855.459
398211097476.336
400423423051.837
402164691798.819
403414144725.095
404152358004.143
404361460443.097
404025352755.968
403129926095.459
401663277043.870
399615916025.211
396980965924.042
393754347520.162
389934948259.537
385524770832.416
380529058048.262
374956390595.761
368818754457.848
362131574987.374
354913715054.150
347187435023.523
338978312952.274
330315123881.291
321229677879.089
311756617138.241
301933173270.298
291798886712.054
281395291003.538
270765565471.863
259954160665.746
249006401559.431
237968074185.324
226885001893.148
215802617797.429
204765540255.641
193817158295.838
182999233854.921
172351527426.397
161911453339.114
151713770268.407
141790311917.264
132169761903.366
122877475985.218
113935353693.366
105361760371.300
97171499560.5083
89375834557.7077
81982556996.5027
74996099340.5045
68417687373.3077
62245528057.5603
56475027604.6853
51099034196.9176
46108099592.3009
41490753768.9744
37233786869.9738
33322532947.5022
29741150362.0274
26472894179.6876
23500376453.4750
20805810904.0397
18371239162.4692
16178736411.0315
14210594915.9033
12449484578.9821
10878590223.2688
9481725860.79672
8243426652.70973
7149019665.48385
6184674841.91078
5337437844.29711
4595246594.80895
3946933434.81509
3382214861.41113
2891670781.38730
2466715158.41647
2099559828.93132
1783173132.42333
1511234852.63019
1278088803.82016
1078694228.22870
908577002.476544
763781487.027490
640823697.418878
536646331.877672
448576058.944401
374283352.094960
311745056.567229
259209786.518401
215166177.914746
178313963.161010
147537786.468055
121883643.014064
100537798.789211
82808030.2989404
68107012.7168465
55937680.4183877
45880383.9273725
37581671.1674008
30744527.6037800
25119918.6168390
20499487.5872734
16709274.1525963
13604328.4551346
11064108.5919895
8988559.61869822
7294783.14942264
5914216.69028593
4790251.24824736
3876224.41872936
3133734.05226566
2531224.73528564
2042805.71578731
1647264.59586779
1327246.14439194
1068570.00411447
859664.930886593
691100.561130487
555200.609640345
445723.902729997
357601.798732080
286722.382284928
229753.380451530
183997.073500272
147271.593386274
117813.947247813
94200.8969109986
75284.4906297289
60139.5994004647
48021.2739283900
38330.1240999390
30584.2430246642
24396.4629136493
19455.9492643108
15513.3206441458
12368.6302517664
9861.66780368604
7864.14070152608
6273.37568375744
5007.24943820502
4000.11159123734
3199.50829374827
2563.55111306576
2058.80561789921
1658.59815177992
1341.65885085508
1091.03481421904
893.220167946234
737.460141875785
615.194662124937
519.613728900929
445.302305336085
387.956838672598
344.159073299361
311.195660812178
286.914359178771
269.609449569912
257.930473119084
250.809571638932
247.403663353713
247.048443143700
249.221803824558
253.514760541905
259.608348536233
267.255274687530
276.265350934528
286.493935362931
297.832764481542
310.202685978745
323.547901501801
337.831408872078
353.031396756385
369.138395448332
386.153027703782
404.084235619999
422.947885026188
442.765669100036
463.564249007676
485.374582132428
508.231398588606
532.172794748990
557.239918877698
583.476728995695
610.929807084947
639.648216875224
669.683394925951
701.089066650139
733.921180435582
768.237854186290
804.099329500672
841.567929376436
880.708015826648
921.585944139602
964.270010742679
1008.83039175645
1055.33906936512
1103.86974309362
1154.49772297845
1207.29980145414
1262.35410055306
1319.73989073442
1379.53737731931
1441.82745010976
1506.69139130908
1574.21053633423
1644.46588151176
1717.53763197311
1793.50468230244
1872.44402163367
1954.43005393170
2039.53382311492
2127.82213146789
2219.35653844144
2314.19222542374
2412.37671037360
2513.94839431503
2618.93491957793
2727.35131730959
2839.19791914880
2954.45800502076
3073.09515574810
3195.05027554893
3320.23824547958
3448.54416444641
3579.81912953635
3713.87550208038
3850.48160006584
3989.35575126628
4130.15963480665
4272.49083191818
4415.87449951357
4559.75407318245
4703.48089965439
4846.30269329122
4987.35070762209
5125.62551260885
5259.98127310296
5389.10843656219
5511.51476251619
5625.50466829587
5729.15693362713
5820.30091320882
5896.49156956550
5954.98388525598
5992.70758416323
6006.24364662783
5991.80493460775
5945.22449222303
5861.95697397221
5737.10152481322
5565.45884987642
5341.64207504635
5060.27182354984
4716.30328393561
4305.56138060993
3825.60741591326
3277.14118712805
2666.28336687524
2008.33317472879
1334.03851777686
700.109234807094
205.822853941022
1.13503495064767
