-45.14197
-43.48879
-41.93849
-40.48257
-39.11238
-37.82037
-36.59989
-35.445
-34.35045
-33.31152
-32.32399
-31.38406
-30.4883
-29.63361
-28.81718
-28.03647
-27.28915
-26.5731
-25.88638
-25.22724
-24.59404
-23.98529
-23.39962
-22.83576
-22.29252
-21.76883
-21.26368
-20.77611
-20.30527
-19.85033
-19.41055
-18.98521
-18.57366
-18.17529
-17.78953
-17.41585
-17.05377
-16.70282
-16.36258
-16.03265
-15.71267
-15.4023
-15.1012
-14.80908
-14.52564
-14.25062
-13.98376
-13.72479
-13.47349
-13.22961
-12.99291