-39.005963
-37.570162
-36.166737
-34.810075
-33.504661
-32.251146
-31.048362
-29.894283
-28.786508
-27.722517
-26.699802
-25.715937
-24.768614
-23.85566
-22.975035
-22.124836
-21.30329
-20.508744
-19.739662
-18.994613
-18.272263
-17.571372
-16.890778
-16.229399
-15.586221
-14.960295
-14.350727
-13.756681
-13.177367
-12.612038
-12.059993
-11.520564
-10.993118
-10.477053
-9.971797
-9.476801
-8.991544
-8.515526
-8.048266
-7.589304
-7.138198
-6.694524
-6.257874
-5.827855
-5.404095
-4.986234
-4.573932
-4.166867
-3.764738
-3.367262
-2.974181