-55.04592
-53.24868
-51.59073
-50.0536
-48.62247
-47.28571
-46.0338
-44.85869
-43.75353
-42.71233
-41.72985
-40.80146
-39.92304
-39.09093
-38.30183
-37.55279
-36.84113
-36.16446
-35.52059
-34.90754
-34.32348
-33.76677
-33.23588
-32.72939
-32.246
-31.78449
-31.34372
-30.92264
-30.52026
-30.13564
-29.76794
-29.41634
-29.08011
-28.75857
-28.45108
-28.15708
-27.87604
-27.60748
-27.35098
-27.10614
-26.87261
-26.65005
-26.43818
-26.23672
-26.04539
-25.86394
-25.69213
-25.5297
-25.3764
-25.23196
-25.0961