-14.31759
-13.95658
-13.626
-13.32389
-13.04764
-12.7948
-12.56315
-12.35073
-12.15581
-11.97685
-11.81252
-11.66159
-11.52302
-11.39586
-11.27927
-11.17248
-11.07484
-10.98574
-10.90464
-10.83105
-10.76454
-10.7047
-10.65117
-10.60362
-10.56173
-10.52521
-10.49379
-10.46721
-10.44525
-10.42768
-10.41431
-10.40494
-10.39941
-10.39757
-10.39929
-10.40445
-10.41297
-10.42476
-10.43976
-10.45792
-10.47919
-10.50356
-10.53099
-10.56146
-10.59497
-10.6315
-10.67101
-10.7135
-10.75892
-10.80722
-10.85835