1.000000e-16
1.012749e-16
1.025661e-16
1.038737e-16
1.051980e-16
1.065391e-16
1.078974e-16
1.092730e-16
1.106661e-16
1.120770e-16
1.135059e-16
1.149530e-16
1.164185e-16
1.179027e-16
1.194059e-16
1.209282e-16
1.224699e-16
1.240313e-16
1.256125e-16
1.272140e-16
1.288358e-16
1.304784e-16
1.321418e-16
1.338265e-16
1.355327e-16
1.372606e-16
1.390105e-16
1.407828e-16
1.425776e-16
1.443953e-16
1.462362e-16
1.481006e-16
1.499888e-16
1.519010e-16
1.538375e-16
1.557988e-16
1.577851e-16
1.597967e-16
1.618340e-16
1.638972e-16
1.659867e-16
1.681029e-16
1.702460e-16
1.724165e-16
1.746147e-16
1.768408e-16
1.790954e-16
1.813787e-16
1.836911e-16
1.860329e-16
1.884047e-16
1.908067e-16
1.932393e-16
1.957029e-16
1.981979e-16
2.007247e-16
2.032838e-16
2.058754e-16
2.085001e-16
2.111583e-16
2.138504e-16
2.165768e-16
2.193379e-16
2.221343e-16
2.249663e-16
2.278344e-16
2.307390e-16
2.336807e-16
2.366599e-16
2.396771e-16
2.427327e-16
2.458274e-16
2.489614e-16
2.521354e-16
2.553499e-16
2.586054e-16
2.619023e-16
2.652413e-16
2.686229e-16
2.720476e-16
2.755159e-16
2.790285e-16
2.825858e-16
2.861885e-16
2.898372e-16
2.935323e-16
2.972745e-16
3.010645e-16
3.049028e-16
3.087900e-16
3.127268e-16
3.167137e-16
3.207515e-16
3.248408e-16
3.289822e-16
3.331764e-16
3.374241e-16
3.417259e-16
3.460826e-16
3.504948e-16
3.549633e-16
3.594887e-16
3.640718e-16
3.687134e-16
3.734141e-16
3.781748e-16
3.829961e-16
3.878790e-16
3.928240e-16
3.978322e-16
4.029041e-16
4.080408e-16
4.132429e-16
4.185113e-16
4.238470e-16
4.292506e-16
4.347231e-16
4.402654e-16
4.458784e-16
4.515629e-16
4.573199e-16
4.631503e-16
4.690550e-16
4.750350e-16
4.810912e-16
4.872246e-16
4.934363e-16
4.997271e-16
5.060981e-16
5.125504e-16
5.190849e-16
5.257027e-16
5.324049e-16
5.391926e-16
5.460668e-16
5.530286e-16
5.600792e-16
5.672196e-16
5.744511e-16
5.817748e-16
5.891919e-16
5.967035e-16
6.043109e-16
6.120153e-16
6.198179e-16
6.277199e-16
6.357228e-16
6.438276e-16
6.520358e-16
6.603486e-16
6.687674e-16
6.772935e-16
6.859284e-16
6.946733e-16
7.035297e-16
7.124990e-16
7.215827e-16
7.307821e-16
7.400989e-16
7.495344e-16
7.590903e-16
7.687679e-16
7.785690e-16
7.884950e-16
7.985475e-16
8.087282e-16
8.190387e-16
8.294807e-16
8.400557e-16
8.507656e-16
8.616121e-16
8.725968e-16
8.837215e-16
8.949881e-16
9.063984e-16
9.179540e-16
9.296571e-16
9.415093e-16
9.535126e-16
9.656690e-16
9.779803e-16
9.904486e-16
1.003076e-15
1.015864e-15
1.028815e-15
1.041932e-15
1.055215e-15
1.068668e-15
1.082293e-15
1.096091e-15
1.110065e-15
1.124217e-15
1.138550e-15
1.153065e-15
1.167766e-15
1.182654e-15
1.197731e-15
1.213001e-15
1.228466e-15
1.244128e-15
1.259989e-15
1.276053e-15
1.292321e-15
1.308797e-15
1.325483e-15
1.342382e-15
1.359496e-15
1.376828e-15
1.394381e-15
1.412158e-15
1.430162e-15
1.448395e-15
1.466860e-15
1.485561e-15
1.504501e-15
1.523682e-15
1.543107e-15
1.562780e-15
1.582704e-15
1.602882e-15
1.623317e-15
1.644013e-15
1.664973e-15
1.686200e-15
1.707697e-15
1.729468e-15
1.751517e-15
1.773848e-15
1.796462e-15
1.819366e-15
1.842561e-15
1.866052e-15
1.889842e-15
1.913936e-15
1.938336e-15
1.963048e-15
1.988075e-15
2.013421e-15
2.039090e-15
2.065087e-15
2.091415e-15
2.118078e-15
2.145082e-15
2.172429e-15
2.200126e-15
2.228175e-15
2.256582e-15
2.285351e-15
2.314487e-15
2.343995e-15
2.373878e-15
2.404143e-15
2.434794e-15
2.465835e-15
2.497272e-15
2.529110e-15
2.561353e-15
2.594008e-15
2.627079e-15
2.660572e-15
2.694492e-15
2.728844e-15
2.763634e-15
2.798867e-15
2.834550e-15
2.870688e-15
2.907286e-15
2.944352e-15
2.981889e-15
3.019905e-15
3.058406e-15
3.097398e-15
3.136887e-15
3.176879e-15
3.217381e-15
3.258400e-15
3.299941e-15
3.342012e-15
3.384619e-15
3.427770e-15
3.471471e-15
3.515729e-15
3.560551e-15
3.605944e-15
3.651917e-15
3.698475e-15
3.745627e-15
3.793380e-15
3.841742e-15
3.890720e-15
3.940323e-15
3.990558e-15
4.041434e-15
4.092959e-15
4.145140e-15
4.197986e-15
4.251507e-15
4.305709e-15
4.360603e-15
4.416196e-15
4.472498e-15
4.529518e-15
4.587265e-15
4.645748e-15
4.704977e-15
4.764961e-15
4.825710e-15
4.887233e-15
4.949540e-15
5.012642e-15
5.076548e-15
5.141269e-15
5.206816e-15
5.273197e-15
5.340425e-15
5.408511e-15
5.477464e-15
5.547296e-15
5.618019e-15
5.689643e-15
5.762181e-15
5.835643e-15
5.910041e-15
5.985389e-15
6.061697e-15
6.138977e-15
6.217243e-15
6.296507e-15
6.376781e-15
6.458079e-15
6.540413e-15
6.623797e-15
6.708244e-15
6.793768e-15
6.880382e-15
6.968100e-15
7.056936e-15
7.146905e-15
7.238022e-15
7.330299e-15
7.423753e-15
7.518399e-15
7.614251e-15
7.711326e-15
7.809638e-15
7.909203e-15
8.010037e-15
8.112158e-15
8.215580e-15
8.320320e-15
8.426396e-15
8.533825e-15
8.642623e-15
8.752808e-15
8.864397e-15
8.977410e-15
9.091863e-15
9.207775e-15
9.325166e-15
9.444052e-15
9.564455e-15
9.686392e-15
9.809884e-15
9.934951e-15
1.006161e-14
1.018989e-14
1.031980e-14
1.045137e-14
1.058461e-14
1.071955e-14
1.085622e-14
1.099462e-14
1.113480e-14
1.127675e-14
1.142052e-14
1.156612e-14
1.171358e-14
1.186291e-14
1.201416e-14
1.216732e-14
1.232245e-14
1.247954e-14
1.263865e-14
1.279978e-14
1.296296e-14
1.312823e-14
1.329560e-14
1.346510e-14
1.363677e-14
1.381063e-14
1.398670e-14
1.416502e-14
1.434561e-14
1.452850e-14
1.471372e-14
1.490131e-14
1.509129e-14
1.528368e-14
1.547854e-14
1.567587e-14
1.587573e-14
1.607813e-14
1.628311e-14
1.649070e-14
1.670094e-14
1.691386e-14
1.712950e-14
1.734788e-14
1.756905e-14
1.779304e-14
1.801988e-14
1.824962e-14
1.848228e-14
1.871791e-14
1.895655e-14
1.919823e-14
1.944298e-14
1.969086e-14
1.994190e-14
2.019614e-14
2.045362e-14
2.071439e-14
2.097848e-14
2.124593e-14
2.151680e-14
2.179111e-14
2.206893e-14
2.235029e-14
2.263523e-14
2.292381e-14
2.321606e-14
2.351205e-14
2.381180e-14
2.411538e-14
2.442283e-14
2.473419e-14
2.504953e-14
2.536889e-14
2.569232e-14
2.601987e-14
2.635160e-14
2.668755e-14
2.702779e-14
2.737237e-14
2.772134e-14
2.807476e-14
2.843269e-14
2.879518e-14
2.916229e-14
2.953408e-14
2.991061e-14
3.029194e-14
3.067813e-14
3.106925e-14
3.146535e-14
3.186651e-14
3.227277e-14
3.268422e-14
3.310091e-14
3.352292e-14
3.395030e-14
3.438313e-14
3.482148e-14
3.526542e-14
3.571502e-14
3.617036e-14
3.663149e-14
3.709851e-14
3.757148e-14
3.805048e-14
3.853558e-14
3.902688e-14
3.952443e-14
4.002833e-14
4.053865e-14
4.105548e-14
4.157890e-14
4.210899e-14
4.264584e-14
4.318953e-14
4.374015e-14
4.429780e-14
4.486255e-14
4.543450e-14
4.601375e-14
4.660038e-14
4.719449e-14
4.779617e-14
4.840553e-14
4.902265e-14
4.964764e-14
5.028060e-14
5.092163e-14
5.157083e-14
5.222831e-14
5.289417e-14
5.356852e-14
5.425147e-14
5.494312e-14
5.564359e-14
5.635299e-14
5.707144e-14
5.779904e-14
5.853592e-14
5.928220e-14
6.003799e-14
6.080342e-14
6.157860e-14
6.236367e-14
6.315874e-14
6.396396e-14
6.477943e-14
6.560531e-14
6.644171e-14
6.728878e-14
6.814665e-14
6.901545e-14
6.989533e-14
7.078643e-14
7.168888e-14
7.260285e-14
7.352846e-14
7.446588e-14
7.541525e-14
7.637672e-14
7.735045e-14
7.833659e-14
7.933530e-14
8.034675e-14
8.137109e-14
8.240850e-14
8.345912e-14
8.452315e-14
8.560073e-14
8.669206e-14
8.779730e-14
8.891663e-14
9.005023e-14
9.119828e-14
9.236097e-14
9.353848e-14
9.473101e-14
9.593874e-14
9.716186e-14
9.840058e-14
9.965509e-14
1.009256e-13
1.022123e-13
1.035154e-13
1.048351e-13
1.061717e-13
1.075253e-13
1.088961e-13
1.102844e-13
1.116904e-13
1.131144e-13
1.145565e-13
1.160170e-13
1.174961e-13
1.189940e-13
1.205111e-13
1.220475e-13
1.236035e-13
1.251793e-13
1.267752e-13
1.283915e-13
1.300283e-13
1.316861e-13
1.333649e-13
1.350652e-13
1.367872e-13
1.385311e-13
1.402972e-13
1.420859e-13
1.438973e-13
1.457319e-13
1.475898e-13
1.494714e-13
1.513770e-13
1.533070e-13
1.552615e-13
1.572409e-13
1.592456e-13
1.612758e-13
1.633319e-13
1.654142e-13
1.675231e-13
1.696589e-13
1.718218e-13
1.740124e-13
1.762309e-13
1.784777e-13
1.807531e-13
1.830575e-13
1.853913e-13
1.877549e-13
1.901486e-13
1.925728e-13
1.950279e-13
1.975143e-13
2.000324e-13
2.025826e-13
2.051654e-13
2.077810e-13
2.104300e-13
2.131128e-13
2.158298e-13
2.185814e-13
2.213681e-13
2.241903e-13
2.270485e-13
2.299432e-13
2.328747e-13
2.358437e-13
2.388504e-13
2.418955e-13
2.449795e-13
2.481027e-13
2.512658e-13
2.544692e-13
2.577134e-13
2.609990e-13
2.643265e-13
2.676964e-13
2.711093e-13
2.745657e-13
2.780661e-13
2.816112e-13
2.852014e-13
2.888375e-13
2.925199e-13
2.962492e-13
3.000261e-13
3.038512e-13
3.077250e-13
3.116482e-13
3.156214e-13
3.196452e-13
3.237204e-13
3.278475e-13
3.320272e-13
3.362603e-13
3.405473e-13
3.448889e-13
3.492859e-13
3.537390e-13
3.582488e-13
3.628161e-13
3.674417e-13
3.721262e-13
3.768704e-13
3.816752e-13
3.865411e-13
3.914692e-13
3.964600e-13
4.015145e-13
4.066334e-13
4.118176e-13
4.170679e-13
4.223851e-13
4.277701e-13
4.332237e-13
4.387469e-13
4.443405e-13
4.500054e-13
4.557425e-13
4.615528e-13
4.674372e-13
4.733965e-13
4.794319e-13
4.855442e-13
4.917344e-13
4.980035e-13
5.043526e-13
5.107826e-13
5.172946e-13
5.238896e-13
5.305686e-13
5.373329e-13
5.441833e-13
5.511212e-13
5.581474e-13
5.652632e-13
5.724698e-13
5.797682e-13
5.871597e-13
5.946454e-13
6.022266e-13
6.099044e-13
6.176801e-13
6.255549e-13
6.335301e-13
6.416070e-13
6.497869e-13
6.580710e-13
6.664608e-13
6.749575e-13
6.835625e-13
6.922773e-13
7.011032e-13
7.100415e-13
7.190939e-13
7.282616e-13
7.375463e-13
7.469493e-13
7.564721e-13
7.661164e-13
7.758836e-13
7.857754e-13
7.957933e-13
8.059389e-13
8.162138e-13
8.266197e-13
8.371583e-13
8.478313e-13
8.586403e-13
8.695871e-13
8.806735e-13
8.919012e-13
9.032721e-13
9.147880e-13
9.264506e-13
9.382620e-13
9.502239e-13
9.623383e-13
9.746072e-13
9.870325e-13
9.996162e-13
1.012360e-12
1.025267e-12
1.038338e-12
1.051576e-12
1.064982e-12
1.078560e-12
1.092311e-12
1.106236e-12
1.120340e-12
1.134623e-12
1.149088e-12
1.163738e-12
1.178575e-12
1.193600e-12
1.208818e-12
1.224229e-12
1.239837e-12
1.255643e-12
1.271652e-12
1.287864e-12
1.304283e-12
1.320911e-12
1.337752e-12
1.354807e-12
1.372079e-12
1.389572e-12
1.407287e-12
1.425229e-12
1.443399e-12
1.461801e-12
1.480438e-12
1.499312e-12
1.518427e-12
1.537785e-12
1.557390e-12
1.577246e-12
1.597354e-12
1.617719e-12
1.638343e-12
1.659230e-12
1.680384e-12
1.701807e-12
1.723503e-12
1.745476e-12
1.767729e-12
1.790266e-12
1.813090e-12
1.836206e-12
1.859615e-12
1.883324e-12
1.907334e-12
1.931651e-12
1.956278e-12
1.981218e-12
2.006477e-12
2.032057e-12
2.057964e-12
2.084201e-12
2.110773e-12
2.137683e-12
2.164936e-12
2.192537e-12
2.220490e-12
2.248799e-12
2.277469e-12
2.306505e-12
2.335910e-12
2.365691e-12
2.395851e-12
2.426396e-12
2.457330e-12
2.488659e-12
2.520387e-12
2.552519e-12
2.585061e-12
2.618018e-12
2.651395e-12
2.685198e-12
2.719432e-12
2.754102e-12
2.789214e-12
2.824774e-12
2.860787e-12
2.897259e-12
2.934196e-12
2.971604e-12
3.009489e-12
3.047858e-12
3.086715e-12
3.126067e-12
3.165922e-12
3.206284e-12
3.247161e-12
3.288559e-12
3.330485e-12
3.372946e-12
3.415947e-12
3.459497e-12
3.503603e-12
3.548270e-12
3.593507e-12
3.639321e-12
3.685719e-12
3.732708e-12
3.780296e-12
3.828491e-12
3.877301e-12
3.926733e-12
3.976795e-12
4.027495e-12
4.078842e-12
4.130843e-12
4.183507e-12
4.236843e-12
4.290858e-12
4.345563e-12
4.400964e-12
4.457072e-12
4.513896e-12
4.571443e-12
4.629725e-12
4.688749e-12
4.748526e-12
4.809065e-12
4.870376e-12
4.932469e-12
4.995353e-12
5.059039e-12
5.123537e-12
5.188857e-12
5.255010e-12
5.322006e-12
5.389856e-12
5.458572e-12
5.528163e-12
5.598642e-12
5.670019e-12
5.742306e-12
5.815515e-12
5.889657e-12
5.964745e-12
6.040789e-12
6.117804e-12
6.195800e-12
6.274790e-12
6.354788e-12
6.435805e-12
6.517855e-12
6.600951e-12
6.685107e-12
6.770336e-12
6.856651e-12
6.944067e-12
7.032597e-12
7.122255e-12
7.213057e-12
7.305017e-12
7.398148e-12
7.492468e-12
7.587989e-12
7.684729e-12
7.782702e-12
7.881923e-12
7.982410e-12
8.084178e-12
8.187244e-12
8.291623e-12
8.397333e-12
8.504391e-12
8.612814e-12
8.722619e-12
8.833823e-12
8.946446e-12
9.060505e-12
9.176017e-12
9.293002e-12
9.411479e-12
9.531466e-12
9.652983e-12
9.776049e-12
9.900685e-12
1.002691e-11
1.015474e-11
1.028420e-11
1.041532e-11
1.054810e-11
1.068258e-11
1.081877e-11
1.095670e-11
1.109639e-11
1.123786e-11
1.138113e-11
1.152623e-11
1.167318e-11
1.182200e-11
1.197272e-11
1.212536e-11
1.227994e-11
1.243650e-11
1.259505e-11
1.275563e-11
1.291825e-11
1.308295e-11
1.324974e-11
1.341866e-11
1.358974e-11
1.376299e-11
1.393846e-11
1.411616e-11
1.429613e-11
1.447839e-11
1.466297e-11
1.484991e-11
1.503923e-11
1.523097e-11
1.542515e-11
1.562181e-11
1.582097e-11
1.602267e-11
1.622694e-11
1.643382e-11
1.664334e-11
1.685552e-11
1.707042e-11
1.728805e-11
1.750845e-11
1.773167e-11
1.795773e-11
1.818667e-11
1.841854e-11
1.865335e-11
1.889117e-11
1.913201e-11
1.937592e-11
1.962295e-11
1.987312e-11
2.012648e-11
2.038308e-11
2.064294e-11
2.090612e-11
2.117265e-11
2.144258e-11
2.171595e-11
2.199281e-11
2.227320e-11
2.255716e-11
2.284474e-11
2.313599e-11
2.343095e-11
2.372967e-11
2.403220e-11
2.433859e-11
2.464888e-11
2.496313e-11
2.528139e-11
2.560370e-11
2.593012e-11
2.626071e-11
2.659551e-11
2.693457e-11
2.727796e-11
2.762573e-11
2.797793e-11
2.833462e-11
2.869586e-11
2.906171e-11
2.943221e-11
2.980745e-11
3.018746e-11
3.057232e-11
3.096209e-11
3.135683e-11
3.175660e-11
3.216146e-11
3.257149e-11
3.298674e-11
3.340729e-11
3.383320e-11
3.426454e-11
3.470138e-11
3.514379e-11
3.559184e-11
3.604560e-11
3.650515e-11
3.697055e-11
3.744189e-11
3.791924e-11
3.840267e-11
3.889227e-11
3.938811e-11
3.989027e-11
4.039883e-11
4.091388e-11
4.143549e-11
4.196375e-11
4.249875e-11
4.304056e-11
4.358929e-11
4.414501e-11
4.470782e-11
4.527780e-11
4.585505e-11
4.643965e-11
4.703171e-11
4.763132e-11
4.823857e-11
4.885357e-11
4.947640e-11
5.010718e-11
5.074600e-11
5.139296e-11
5.204817e-11
5.271173e-11
5.338376e-11
5.406435e-11
5.475362e-11
5.545167e-11
5.615863e-11
5.687459e-11
5.759969e-11
5.833403e-11
5.907773e-11
5.983091e-11
6.059370e-11
6.136621e-11
6.214857e-11
6.294090e-11
6.374334e-11
6.455600e-11
6.537903e-11
6.621255e-11
6.705670e-11
6.791160e-11
6.877741e-11
6.965425e-11
7.054228e-11
7.144162e-11
7.235243e-11
7.327486e-11
7.420904e-11
7.515513e-11
7.611329e-11
7.708366e-11
7.806640e-11
7.906167e-11
8.006963e-11
8.109044e-11
8.212426e-11
8.317127e-11
8.423162e-11
8.530549e-11
8.639305e-11
8.749448e-11
8.860995e-11
8.973964e-11
9.088373e-11
9.204241e-11
9.321586e-11
9.440428e-11
9.560784e-11
9.682674e-11
9.806119e-11
9.931138e-11
1.005775e-10
1.018598e-10
1.031584e-10
1.044735e-10
1.058055e-10
1.071544e-10
1.085205e-10
1.099040e-10
1.113052e-10
1.127242e-10
1.141614e-10
1.156168e-10
1.170908e-10
1.185836e-10
1.200954e-10
1.216265e-10
1.231772e-10
1.247475e-10
1.263380e-10
1.279486e-10
1.295799e-10
1.312319e-10
1.329050e-10
1.345994e-10
1.363154e-10
1.380533e-10
1.398133e-10
1.415958e-10
1.434010e-10
1.452292e-10
1.470808e-10
1.489559e-10
1.508549e-10
1.527782e-10
1.547260e-10
1.566986e-10
1.586963e-10
1.607195e-10
1.627686e-10
1.648437e-10
1.669453e-10
1.690737e-10
1.712292e-10
1.734122e-10
1.756231e-10
1.778621e-10
1.801296e-10
1.824261e-10
1.847519e-10
1.871073e-10
1.894927e-10
1.919086e-10
1.943552e-10
1.968331e-10
1.993425e-10
2.018839e-10
2.044577e-10
2.070644e-10
2.097042e-10
2.123778e-10
2.150854e-10
2.178275e-10
2.206046e-10
2.234171e-10
2.262654e-10
2.291501e-10
2.320715e-10
2.350302e-10
2.380266e-10
2.410612e-10
2.441345e-10
2.472470e-10
2.503992e-10
2.535915e-10
2.568246e-10
2.600988e-10
2.634148e-10
2.667731e-10
2.701742e-10
2.736187e-10
2.771070e-10
2.806399e-10
2.842178e-10
2.878413e-10
2.915110e-10
2.952274e-10
2.989913e-10
3.028031e-10
3.066636e-10
3.105733e-10
3.145328e-10
3.185427e-10
3.226039e-10
3.267167e-10
3.308821e-10
3.351005e-10
3.393727e-10
3.436994e-10
3.480812e-10
3.525189e-10
3.570132e-10
3.615647e-10
3.661743e-10
3.708427e-10
3.755706e-10
3.803587e-10
3.852079e-10
3.901190e-10
3.950926e-10
4.001296e-10
4.052309e-10
4.103972e-10
4.156294e-10
4.209282e-10
4.262947e-10
4.317295e-10
4.372336e-10
4.428079e-10
4.484533e-10
4.541707e-10
4.599609e-10
4.658249e-10
4.717638e-10
4.777783e-10
4.838695e-10
4.900384e-10
4.962859e-10
5.026130e-10
5.090209e-10
5.155104e-10
5.220826e-10
5.287387e-10
5.354796e-10
5.423064e-10
5.492203e-10
5.562223e-10
5.633136e-10
5.704953e-10
5.777686e-10
5.851346e-10
5.925945e-10
6.001495e-10
6.078008e-10
6.155496e-10
6.233973e-10
6.313450e-10
6.393940e-10
6.475457e-10
6.558013e-10
6.641621e-10
6.726295e-10
6.812049e-10
6.898896e-10
6.986850e-10
7.075926e-10
7.166137e-10
7.257498e-10
7.350024e-10
7.443730e-10
7.538630e-10
7.634740e-10
7.732076e-10
7.830652e-10
7.930485e-10
8.031591e-10
8.133986e-10
8.237687e-10
8.342709e-10
8.449071e-10
8.556788e-10
8.665879e-10
8.776360e-10
8.888250e-10
9.001567e-10
9.116328e-10
9.232552e-10
9.350258e-10
9.469465e-10
9.590191e-10
9.712457e-10
9.836281e-10
9.961684e-10
1.008869e-09
1.021731e-09
1.034757e-09
1.047949e-09
1.061309e-09
1.074840e-09
1.088543e-09
1.102421e-09
1.116476e-09
1.130710e-09
1.145125e-09
1.159724e-09
1.174510e-09
1.189484e-09
1.204648e-09
1.220006e-09
1.235560e-09
1.251313e-09
1.267266e-09
1.283422e-09
1.299784e-09
1.316355e-09
1.333138e-09
1.350134e-09
1.367347e-09
1.384779e-09
1.402434e-09
1.420313e-09
1.438421e-09
1.456759e-09
1.475332e-09
1.494141e-09
1.513189e-09
1.532481e-09
1.552019e-09
1.571805e-09
1.591844e-09
1.612139e-09
1.632692e-09
1.653507e-09
1.674588e-09
1.695937e-09
1.717559e-09
1.739456e-09
1.761632e-09
1.784092e-09
1.806837e-09
1.829872e-09
1.853201e-09
1.876828e-09
1.900756e-09
1.924989e-09
1.949530e-09
1.974385e-09
1.999556e-09
2.025049e-09
2.050866e-09
2.077013e-09
2.103493e-09
2.130310e-09
2.157469e-09
2.184975e-09
2.212831e-09
2.241043e-09
2.269614e-09
2.298549e-09
2.327854e-09
2.357531e-09
2.387588e-09
2.418027e-09
2.448855e-09
2.480075e-09
2.511694e-09
2.543715e-09
2.576145e-09
2.608988e-09
2.642251e-09
2.675937e-09
2.710052e-09
2.744603e-09
2.779594e-09
2.815031e-09
2.850920e-09
2.887266e-09
2.924076e-09
2.961355e-09
2.999110e-09
3.037345e-09
3.076068e-09
3.115285e-09
3.155002e-09
3.195225e-09
3.235961e-09
3.277217e-09
3.318998e-09
3.361312e-09
3.404166e-09
3.447565e-09
3.491518e-09
3.536032e-09
3.581113e-09
3.626769e-09
3.673006e-09
3.719834e-09
3.767258e-09
3.815287e-09
3.863928e-09
3.913189e-09
3.963079e-09
4.013604e-09
4.064773e-09
4.116595e-09
4.169078e-09
4.222230e-09
4.276059e-09
4.330575e-09
4.385785e-09
4.441700e-09
4.498327e-09
4.555676e-09
4.613757e-09
4.672578e-09
4.732148e-09
4.792479e-09
4.853578e-09
4.915456e-09
4.978124e-09
5.041590e-09
5.105865e-09
5.170960e-09
5.236885e-09
5.303650e-09
5.371266e-09
5.439745e-09
5.509096e-09
5.579332e-09
5.650463e-09
5.722501e-09
5.795457e-09
5.869344e-09
5.944172e-09
6.019954e-09
6.096703e-09
6.174430e-09
6.253148e-09
6.332869e-09
6.413607e-09
6.495375e-09
6.578184e-09
6.662050e-09
6.746984e-09
6.833002e-09
6.920116e-09
7.008341e-09
7.097690e-09
7.188179e-09
7.279821e-09
7.372632e-09
7.466626e-09
7.561818e-09
7.658224e-09
7.755858e-09
7.854738e-09
7.954878e-09
8.056295e-09
8.159005e-09
8.263025e-09
8.368370e-09
8.475059e-09
8.583107e-09
8.692534e-09
8.803355e-09
8.915589e-09
9.029254e-09
9.144368e-09
9.260950e-09
9.379018e-09
9.498592e-09
9.619689e-09
9.742331e-09
9.866536e-09
9.992325e-09
1.011972e-08
1.024873e-08
1.037940e-08
1.051172e-08
1.064574e-08
1.078146e-08
1.091891e-08
1.105812e-08
1.119910e-08
1.134188e-08
1.148647e-08
1.163292e-08
1.178122e-08
1.193142e-08
1.208354e-08
1.223759e-08
1.239361e-08
1.255161e-08
1.271163e-08
1.287370e-08
1.303782e-08
1.320404e-08
1.337238e-08
1.354287e-08
1.371552e-08
1.389038e-08
1.406747e-08
1.424682e-08
1.442845e-08
1.461240e-08
1.479869e-08
1.498736e-08
1.517844e-08
1.537195e-08
1.556793e-08
1.576640e-08
1.596741e-08
1.617098e-08
1.637714e-08
1.658593e-08
1.679739e-08
1.701154e-08
1.722842e-08
1.744806e-08
1.767051e-08
1.789579e-08
1.812395e-08
1.835501e-08
1.858902e-08
1.882601e-08
1.906602e-08
1.930910e-08
1.955527e-08
1.980458e-08
2.005707e-08
2.031277e-08
2.057174e-08
2.083401e-08
2.109963e-08
2.136863e-08
2.164105e-08
2.191696e-08
2.219638e-08
2.247936e-08
2.276595e-08
2.305619e-08
2.335014e-08
2.364783e-08
2.394932e-08
2.425465e-08
2.456387e-08
2.487703e-08
2.519419e-08
2.551539e-08
2.584069e-08
2.617013e-08
2.650378e-08
2.684167e-08
2.718388e-08
2.753045e-08
2.788143e-08
2.823690e-08
2.859689e-08
2.896147e-08
2.933070e-08
2.970464e-08
3.008334e-08
3.046688e-08
3.085530e-08
3.124868e-08
3.164707e-08
3.205053e-08
3.245915e-08
3.287297e-08
3.329207e-08
3.371651e-08
3.414636e-08
3.458170e-08
3.502258e-08
3.546908e-08
3.592128e-08
3.637924e-08
3.684304e-08
3.731275e-08
3.778845e-08
3.827022e-08
3.875813e-08
3.925226e-08
3.975268e-08
4.025949e-08
4.077276e-08
4.129257e-08
4.181901e-08
4.235217e-08
4.289211e-08
4.343895e-08
4.399275e-08
4.455362e-08
4.512163e-08
4.569689e-08
4.627948e-08
4.686950e-08
4.746704e-08
4.807220e-08
4.868507e-08
4.930576e-08
4.993436e-08
5.057097e-08
5.121570e-08
5.186865e-08
5.252993e-08
5.319963e-08
5.387788e-08
5.456477e-08
5.526041e-08
5.596493e-08
5.667843e-08
5.740102e-08
5.813283e-08
5.887397e-08
5.962455e-08
6.038471e-08
6.115455e-08
6.193422e-08
6.272382e-08
6.352348e-08
6.433335e-08
6.515353e-08
6.598418e-08
6.682541e-08
6.767737e-08
6.854019e-08
6.941401e-08
7.029897e-08
7.119522e-08
7.210289e-08
7.302213e-08
7.395309e-08
7.489592e-08
7.585077e-08
7.681779e-08
7.779714e-08
7.878898e-08
7.979346e-08
8.081075e-08
8.184101e-08
8.288441e-08
8.394110e-08
8.501127e-08
8.609508e-08
8.719271e-08
8.830433e-08
8.943012e-08
9.057027e-08
9.172495e-08
9.289436e-08
9.407867e-08
9.527808e-08
9.649278e-08
9.772297e-08
9.896884e-08
1.002306e-07
1.015084e-07
1.028026e-07
1.041132e-07
1.054406e-07
1.067848e-07
1.081462e-07
1.095250e-07
1.109213e-07
1.123355e-07
1.137676e-07
1.152180e-07
1.166870e-07
1.181746e-07
1.196812e-07
1.212070e-07
1.227523e-07
1.243173e-07
1.259022e-07
1.275073e-07
1.291329e-07
1.307793e-07
1.324466e-07
1.341351e-07
1.358452e-07
1.375771e-07
1.393311e-07
1.411074e-07
1.429064e-07
1.447283e-07
1.465735e-07
1.484421e-07
1.503346e-07
1.522512e-07
1.541923e-07
1.561581e-07
1.581490e-07
1.601652e-07
1.622072e-07
1.642751e-07
1.663695e-07
1.684905e-07
1.706386e-07
1.728141e-07
1.750173e-07
1.772486e-07
1.795084e-07
1.817969e-07
1.841147e-07
1.864619e-07
1.888391e-07
1.912467e-07
1.936849e-07
1.961542e-07
1.986549e-07
2.011876e-07
2.037525e-07
2.063502e-07
2.089810e-07
2.116453e-07
2.143435e-07
2.170762e-07
2.198437e-07
2.226465e-07
2.254850e-07
2.283597e-07
2.312711e-07
2.342196e-07
2.372057e-07
2.402298e-07
2.432925e-07
2.463942e-07
2.495355e-07
2.527169e-07
2.559388e-07
2.592017e-07
2.625063e-07
2.658530e-07
2.692424e-07
2.726749e-07
2.761513e-07
2.796719e-07
2.832375e-07
2.868485e-07
2.905055e-07
2.942092e-07
2.979601e-07
3.017588e-07
3.056059e-07
3.095021e-07
3.134479e-07
3.174441e-07
3.214912e-07
3.255899e-07
3.297408e-07
3.339447e-07
3.382022e-07
3.425139e-07
3.468806e-07
3.513030e-07
3.557818e-07
3.603177e-07
3.649114e-07
3.695636e-07
3.742752e-07
3.790469e-07
3.838793e-07
3.887734e-07
3.937299e-07
3.987496e-07
4.038332e-07
4.089817e-07
4.141958e-07
4.194764e-07
4.248244e-07
4.302404e-07
4.357256e-07
4.412807e-07
4.469066e-07
4.526042e-07
4.583745e-07
4.642183e-07
4.701366e-07
4.761304e-07
4.822006e-07
4.883482e-07
4.945741e-07
5.008795e-07
5.072652e-07
5.137323e-07
5.202819e-07
5.269150e-07
5.336327e-07
5.404360e-07
5.473260e-07
5.543039e-07
5.613707e-07
5.685276e-07
5.757758e-07
5.831164e-07
5.905506e-07
5.980795e-07
6.057044e-07
6.134266e-07
6.212472e-07
6.291675e-07
6.371887e-07
6.453123e-07
6.535394e-07
6.618714e-07
6.703096e-07
6.788554e-07
6.875101e-07
6.962752e-07
7.051520e-07
7.141420e-07
7.232466e-07
7.324673e-07
7.418056e-07
7.512629e-07
7.608407e-07
7.705407e-07
7.803644e-07
7.903133e-07
8.003890e-07
8.105932e-07
8.209274e-07
8.313935e-07
8.419929e-07
8.527275e-07
8.635989e-07
8.746090e-07
8.857594e-07
8.970520e-07
9.084885e-07
9.200709e-07
9.318009e-07
9.436804e-07
9.557114e-07
9.678958e-07
9.802355e-07
9.927326e-07
1.005389e-06
1.018207e-06
1.031188e-06
1.044334e-06
1.057649e-06
1.071133e-06
1.084789e-06
1.098619e-06
1.112625e-06
1.126810e-06
1.141176e-06
1.155724e-06
1.170459e-06
1.185381e-06
1.200493e-06
1.215799e-06
1.231299e-06
1.246997e-06
1.262895e-06
1.278995e-06
1.295301e-06
1.311815e-06
1.328539e-06
1.345477e-06
1.362631e-06
1.380003e-06
1.397596e-06
1.415414e-06
1.433460e-06
1.451735e-06
1.470243e-06
1.488987e-06
1.507970e-06
1.527195e-06
1.546666e-06
1.566384e-06
1.586354e-06
1.606579e-06
1.627061e-06
1.647804e-06
1.668812e-06
1.690088e-06
1.711635e-06
1.733457e-06
1.755556e-06
1.777938e-06
1.800605e-06
1.823561e-06
1.846810e-06
1.870355e-06
1.894200e-06
1.918349e-06
1.942806e-06
1.967575e-06
1.992660e-06
2.018064e-06
2.043793e-06
2.069849e-06
2.096237e-06
2.122962e-06
2.150028e-06
2.177439e-06
2.205199e-06
2.233313e-06
2.261786e-06
2.290621e-06
2.319825e-06
2.349400e-06
2.379353e-06
2.409687e-06
2.440408e-06
2.471521e-06
2.503031e-06
2.534942e-06
2.567260e-06
2.599990e-06
2.633137e-06
2.666707e-06
2.700705e-06
2.735136e-06
2.770007e-06
2.805322e-06
2.841087e-06
2.877308e-06
2.913991e-06
2.951141e-06
2.988765e-06
3.026869e-06
3.065459e-06
3.104541e-06
3.144120e-06
3.184205e-06
3.224800e-06
3.265913e-06
3.307551e-06
3.349719e-06
3.392424e-06
3.435674e-06
3.479476e-06
3.523836e-06
3.568761e-06
3.614260e-06
3.660338e-06
3.707004e-06
3.754264e-06
3.802127e-06
3.850601e-06
3.899692e-06
3.949410e-06
3.999761e-06
4.050754e-06
4.102397e-06
4.154698e-06
4.207667e-06
4.261311e-06
4.315638e-06
4.370658e-06
4.426380e-06
4.482812e-06
4.539963e-06
4.597843e-06
4.656462e-06
4.715827e-06
4.775949e-06
4.836838e-06
4.898503e-06
4.960954e-06
5.024201e-06
5.088255e-06
5.153125e-06
5.218822e-06
5.285357e-06
5.352741e-06
5.420983e-06
5.490095e-06
5.560088e-06
5.630974e-06
5.702764e-06
5.775468e-06
5.849100e-06
5.923670e-06
5.999191e-06
6.075675e-06
6.153134e-06
6.231580e-06
6.311027e-06
6.391486e-06
6.472972e-06
6.555496e-06
6.639072e-06
6.723714e-06
6.809434e-06
6.896248e-06
6.984168e-06
7.073210e-06
7.163386e-06
7.254713e-06
7.347203e-06
7.440873e-06
7.535737e-06
7.631810e-06
7.729108e-06
7.827647e-06
7.927441e-06
8.028509e-06
8.130864e-06
8.234525e-06
8.339507e-06
8.445828e-06
8.553504e-06
8.662553e-06
8.772992e-06
8.884839e-06
8.998112e-06
9.112829e-06
9.229009e-06
9.346669e-06
9.465830e-06
9.586511e-06
9.708729e-06
9.832506e-06
9.957861e-06
1.008481e-05
1.021339e-05
1.034360e-05
1.047547e-05
1.060902e-05
1.074427e-05
1.088125e-05
1.101998e-05
1.116047e-05
1.130276e-05
1.144686e-05
1.159279e-05
1.174059e-05
1.189027e-05
1.204186e-05
1.219538e-05
1.235086e-05
1.250832e-05
1.266779e-05
1.282929e-05
1.299285e-05
1.315850e-05
1.332626e-05
1.349616e-05
1.366822e-05
1.384247e-05
1.401895e-05
1.419768e-05
1.437869e-05
1.456200e-05
1.474765e-05
1.493567e-05
1.512609e-05
1.531893e-05
1.551423e-05
1.571202e-05
1.591233e-05
1.611520e-05
1.632065e-05
1.652873e-05
1.673945e-05
1.695286e-05
1.716900e-05
1.738788e-05
1.760956e-05
1.783407e-05
1.806143e-05
1.829170e-05
1.852490e-05
1.876108e-05
1.900026e-05
1.924250e-05
1.948782e-05
1.973627e-05
1.998789e-05
2.024271e-05
2.050079e-05
2.076215e-05
2.102685e-05
2.129492e-05
2.156641e-05
2.184136e-05
2.211982e-05
2.240183e-05
2.268743e-05
2.297667e-05
2.326960e-05
2.356627e-05
2.386671e-05
2.417099e-05
2.447915e-05
2.479123e-05
2.510730e-05
2.542739e-05
2.575156e-05
2.607987e-05
2.641236e-05
2.674910e-05
2.709012e-05
2.743549e-05
2.778527e-05
2.813950e-05
2.849826e-05
2.886158e-05
2.922954e-05
2.960219e-05
2.997958e-05
3.036179e-05
3.074888e-05
3.114090e-05
3.153791e-05
3.193999e-05
3.234719e-05
3.275959e-05
3.317724e-05
3.360022e-05
3.402859e-05
3.446242e-05
3.490178e-05
3.534675e-05
3.579738e-05
3.625377e-05
3.671597e-05
3.718406e-05
3.765812e-05
3.813822e-05
3.862445e-05
3.911687e-05
3.961557e-05
4.012063e-05
4.063213e-05
4.115015e-05
4.167478e-05
4.220609e-05
4.274418e-05
4.328912e-05
4.384102e-05
4.439995e-05
4.496600e-05
4.553928e-05
4.611986e-05
4.670784e-05
4.730332e-05
4.790639e-05
4.851715e-05
4.913570e-05
4.976213e-05
5.039655e-05
5.103906e-05
5.168975e-05
5.234875e-05
5.301614e-05
5.369205e-05
5.437657e-05
5.506982e-05
5.577190e-05
5.648294e-05
5.720304e-05
5.793233e-05
5.867091e-05
5.941890e-05
6.017644e-05
6.094363e-05
6.172060e-05
6.250748e-05
6.330439e-05
6.411146e-05
6.492882e-05
6.575659e-05
6.659493e-05
6.744395e-05
6.830379e-05
6.917460e-05
7.005651e-05
7.094966e-05
7.185420e-05
7.277027e-05
7.369802e-05
7.463760e-05
7.558915e-05
7.655284e-05
7.752882e-05
7.851723e-05
7.951825e-05
8.053203e-05
8.155874e-05
8.259853e-05
8.365158e-05
8.471806e-05
8.579813e-05
8.689197e-05
8.799976e-05
8.912167e-05
9.025789e-05
9.140859e-05
9.257396e-05
9.375419e-05
9.494946e-05
9.615997e-05
9.738592e-05
9.862749e-05
9.988490e-05
1.011583e-04
1.024480e-04
1.037541e-04
1.050769e-04
1.064165e-04
1.077732e-04
1.091472e-04
1.105387e-04
1.119480e-04
1.133752e-04
1.148207e-04
1.162845e-04
1.177670e-04
1.192684e-04
1.207890e-04
1.223289e-04
1.238885e-04
1.254680e-04
1.270676e-04
1.286875e-04
1.303282e-04
1.319897e-04
1.336725e-04
1.353767e-04
1.371026e-04
1.388505e-04
1.406207e-04
1.424135e-04
1.442291e-04
1.460679e-04
1.479301e-04
1.498161e-04
1.517261e-04
1.536605e-04
1.556195e-04
1.576035e-04
1.596128e-04
1.616477e-04
1.637085e-04
1.657957e-04
1.679094e-04
1.700501e-04
1.722181e-04
1.744137e-04
1.766373e-04
1.788892e-04
1.811699e-04
1.834796e-04
1.858188e-04
1.881878e-04
1.905870e-04
1.930168e-04
1.954776e-04
1.979698e-04
2.004937e-04
2.030498e-04
2.056385e-04
2.082602e-04
2.109153e-04
2.136042e-04
2.163275e-04
2.190855e-04
2.218786e-04
2.247073e-04
2.275721e-04
2.304734e-04
2.334117e-04
2.363875e-04
2.394012e-04
2.424534e-04
2.455444e-04
2.486749e-04
2.518452e-04
2.550560e-04
2.583077e-04
2.616009e-04
2.649360e-04
2.683137e-04
2.717345e-04
2.751988e-04
2.787073e-04
2.822606e-04
2.858591e-04
2.895035e-04
2.931944e-04
2.969324e-04
3.007180e-04
3.045518e-04
3.084346e-04
3.123668e-04
3.163492e-04
3.203823e-04
3.244669e-04
3.286035e-04
3.327929e-04
3.370357e-04
3.413326e-04
3.456842e-04
3.500914e-04
3.545547e-04
3.590749e-04
3.636528e-04
3.682890e-04
3.729843e-04
3.777395e-04
3.825553e-04
3.874325e-04
3.923719e-04
3.973743e-04
4.024404e-04
4.075711e-04
4.127673e-04
4.180296e-04
4.233591e-04
4.287565e-04
4.342227e-04
4.397587e-04
4.453652e-04
4.510431e-04
4.567935e-04
4.626172e-04
4.685151e-04
4.744882e-04
4.805375e-04
4.866638e-04
4.928683e-04
4.991519e-04
5.055156e-04
5.119605e-04
5.184874e-04
5.250977e-04
5.317921e-04
5.385720e-04
5.454382e-04
5.523920e-04
5.594345e-04
5.665668e-04
5.737899e-04
5.811052e-04
5.885137e-04
5.960167e-04
6.036153e-04
6.113108e-04
6.191044e-04
6.269974e-04
6.349910e-04
6.430865e-04
6.512853e-04
6.595885e-04
6.679976e-04
6.765140e-04
6.851388e-04
6.938737e-04
7.027199e-04
7.116789e-04
7.207521e-04
7.299410e-04
7.392470e-04
7.486717e-04
7.582166e-04
7.678831e-04
7.776728e-04
7.875874e-04
7.976284e-04
8.077974e-04
8.180960e-04
8.285259e-04
8.390888e-04
8.497864e-04
8.606203e-04
8.715924e-04
8.827044e-04
8.939580e-04
9.053551e-04
9.168975e-04
9.285870e-04
9.404256e-04
9.524151e-04
9.645575e-04
9.768546e-04
9.893086e-04
1.001921e-03
1.014695e-03
1.027631e-03
1.040732e-03
1.054001e-03
1.067438e-03
1.081047e-03
1.094829e-03
1.108787e-03
1.122923e-03
1.137240e-03
1.151738e-03
1.166422e-03
1.181293e-03
1.196353e-03
1.211605e-03
1.227052e-03
1.242696e-03
1.258539e-03
1.274584e-03
1.290834e-03
1.307291e-03
1.323957e-03
1.340836e-03
1.357931e-03
1.375243e-03
1.392776e-03
1.410533e-03
1.428516e-03
1.446728e-03
1.465172e-03
1.483852e-03
1.502769e-03
1.521928e-03
1.541331e-03
1.560982e-03
1.580883e-03
1.601037e-03
1.621449e-03
1.642121e-03
1.663056e-03
1.684259e-03
1.705731e-03
1.727478e-03
1.749501e-03
1.771806e-03
1.794395e-03
1.817271e-03
1.840440e-03
1.863904e-03
1.887667e-03
1.911733e-03
1.936105e-03
1.960789e-03
1.985787e-03
2.011104e-03
2.036743e-03
2.062710e-03
2.089007e-03
2.115640e-03
2.142613e-03
2.169929e-03
2.197593e-03
2.225610e-03
2.253985e-03
2.282721e-03
2.311823e-03
2.341297e-03
2.371146e-03
2.401376e-03
2.431991e-03
2.462997e-03
2.494397e-03
2.526199e-03
2.558405e-03
2.591022e-03
2.624055e-03
2.657509e-03
2.691390e-03
2.725703e-03
2.760453e-03
2.795646e-03
2.831288e-03
2.867384e-03
2.903940e-03
2.940963e-03
2.978457e-03
3.016429e-03
3.054886e-03
3.093833e-03
3.133276e-03
3.173222e-03
3.213678e-03
3.254649e-03
3.296143e-03
3.338165e-03
3.380724e-03
3.423825e-03
3.467475e-03
3.511682e-03
3.556452e-03
3.601794e-03
3.647713e-03
3.694218e-03
3.741316e-03
3.789014e-03
3.837320e-03
3.886242e-03
3.935788e-03
3.985965e-03
4.036782e-03
4.088247e-03
4.140369e-03
4.193154e-03
4.246613e-03
4.300753e-03
4.355584e-03
4.411113e-03
4.467350e-03
4.524305e-03
4.581985e-03
4.640401e-03
4.699562e-03
4.759476e-03
4.820155e-03
4.881607e-03
4.943843e-03
5.006872e-03
5.070705e-03
5.135352e-03
5.200822e-03
5.267128e-03
5.334279e-03
5.402285e-03
5.471159e-03
5.540911e-03
5.611552e-03
5.683094e-03
5.755548e-03
5.828926e-03
5.903239e-03
5.978500e-03
6.054720e-03
6.131911e-03
6.210087e-03
6.289260e-03
6.369442e-03
6.450646e-03
6.532885e-03
6.616173e-03
6.700523e-03
6.785948e-03
6.872462e-03
6.960080e-03
7.048814e-03
7.138679e-03
7.229691e-03
7.321862e-03
7.415209e-03
7.509745e-03
7.605487e-03
7.702450e-03
7.800649e-03
7.900099e-03
8.000818e-03
8.102820e-03
8.206123e-03
8.310744e-03
8.416697e-03
8.524002e-03
8.632675e-03
8.742733e-03
8.854194e-03
8.967077e-03
9.081398e-03
9.197177e-03
9.314432e-03
9.433182e-03
9.553446e-03
9.675243e-03
9.798593e-03
9.923516e-03
1.005003e-02
1.017816e-02
1.030792e-02
1.043934e-02
1.057243e-02
1.070722e-02
1.084372e-02
1.098197e-02
1.112198e-02
1.126377e-02
1.140738e-02
1.155281e-02
1.170010e-02
1.184926e-02
1.200033e-02
1.215332e-02
1.230826e-02
1.246518e-02
1.262410e-02
1.278504e-02
1.294804e-02
1.311312e-02
1.328030e-02
1.344961e-02
1.362108e-02
1.379473e-02
1.397060e-02
1.414871e-02
1.432909e-02
1.451178e-02
1.469679e-02
1.488416e-02
1.507392e-02
1.526609e-02
1.546072e-02
1.565783e-02
1.585745e-02
1.605962e-02
1.626436e-02
1.647172e-02
1.668172e-02
1.689439e-02
1.710978e-02
1.732791e-02
1.754883e-02
1.777256e-02
1.799914e-02
1.822861e-02
1.846101e-02
1.869637e-02
1.893473e-02
1.917613e-02
1.942060e-02
1.966820e-02
1.991895e-02
2.017290e-02
2.043008e-02
2.069054e-02
2.095433e-02
2.122148e-02
2.149203e-02
2.176603e-02
2.204353e-02
2.232456e-02
2.260918e-02
2.289742e-02
2.318934e-02
2.348498e-02
2.378439e-02
2.408762e-02
2.439472e-02
2.470572e-02
2.502070e-02
2.533969e-02
2.566274e-02
2.598992e-02
2.632127e-02
2.665684e-02
2.699668e-02
2.734087e-02
2.768944e-02
2.804245e-02
2.839996e-02
2.876203e-02
2.912872e-02
2.950009e-02
2.987618e-02
3.025708e-02
3.064282e-02
3.103349e-02
3.142914e-02
3.182983e-02
3.223563e-02
3.264660e-02
3.306281e-02
3.348433e-02
3.391122e-02
3.434356e-02
3.478140e-02
3.522483e-02
3.567392e-02
3.612872e-02
3.658933e-02
3.705581e-02
3.752823e-02
3.800668e-02
3.849123e-02
3.898196e-02
3.947894e-02
3.998226e-02
4.049199e-02
4.100822e-02
4.153104e-02
4.206052e-02
4.259675e-02
4.313982e-02
4.368981e-02
4.424681e-02
4.481091e-02
4.538221e-02
4.596079e-02
4.654674e-02
4.714017e-02
4.774116e-02
4.834981e-02
4.896623e-02
4.959050e-02
5.022273e-02
5.086302e-02
5.151147e-02
5.216819e-02
5.283329e-02
5.350686e-02
5.418902e-02
5.487988e-02
5.557954e-02
5.628813e-02
5.700575e-02
5.773251e-02
5.846855e-02
5.921396e-02
5.996889e-02
6.073343e-02
6.150772e-02
6.229189e-02
6.308605e-02
6.389033e-02
6.470487e-02
6.552980e-02
6.636524e-02
6.721133e-02
6.806821e-02
6.893601e-02
6.981488e-02
7.070495e-02
7.160637e-02
7.251928e-02
7.344383e-02
7.438017e-02
7.532844e-02
7.628881e-02
7.726141e-02
7.824642e-02
7.924399e-02
8.025427e-02
8.127744e-02
8.231364e-02
8.336306e-02
8.442586e-02
8.550221e-02
8.659228e-02
8.769624e-02
8.881429e-02
8.994658e-02
9.109331e-02
9.225466e-02
9.343082e-02
9.462197e-02
9.582831e-02
9.705003e-02
9.828732e-02
9.954039e-02
1.008094e-01
1.020947e-01
1.033963e-01
1.047145e-01
1.060495e-01
1.074015e-01
1.087708e-01
1.101575e-01
1.115619e-01
1.129842e-01
1.144246e-01
1.158834e-01
1.173608e-01
1.188571e-01
1.203724e-01
1.219070e-01
1.234612e-01
1.250352e-01
1.266293e-01
1.282437e-01
1.298787e-01
1.315345e-01
1.332114e-01
1.349098e-01
1.366297e-01
1.383716e-01
1.401357e-01
1.419223e-01
1.437317e-01
1.455641e-01
1.474199e-01
1.492994e-01
1.512028e-01
1.531305e-01
1.550828e-01
1.570599e-01
1.590623e-01
1.610902e-01
1.631439e-01
1.652238e-01
1.673303e-01
1.694636e-01
1.716241e-01
1.738121e-01
1.760280e-01
1.782722e-01
1.805450e-01
1.828468e-01
1.851779e-01
1.875388e-01
1.899297e-01
1.923511e-01
1.948034e-01
1.972870e-01
1.998022e-01
2.023495e-01
2.049292e-01
2.075419e-01
2.101878e-01
2.128675e-01
2.155814e-01
2.183298e-01
2.211133e-01
2.239323e-01
2.267872e-01
2.296785e-01
2.326067e-01
2.355722e-01
2.385755e-01
2.416171e-01
2.446975e-01
2.478172e-01
2.509766e-01
2.541763e-01
2.574168e-01
2.606986e-01
2.640223e-01
2.673883e-01
2.707972e-01
2.742496e-01
2.777460e-01
2.812870e-01
2.848732e-01
2.885050e-01
2.921832e-01
2.959082e-01
2.996808e-01
3.035014e-01
3.073708e-01
3.112894e-01
3.152581e-01
3.192773e-01
3.233478e-01
3.274702e-01
3.316451e-01
3.358732e-01
3.401553e-01
3.444919e-01
3.488839e-01
3.533318e-01
3.578364e-01
3.623985e-01
3.670187e-01
3.716979e-01
3.764366e-01
3.812358e-01
3.860962e-01
3.910186e-01
3.960037e-01
4.010524e-01
4.061654e-01
4.113436e-01
4.165878e-01
4.218989e-01
4.272777e-01
4.327251e-01
4.382419e-01
4.438291e-01
4.494875e-01
4.552180e-01
4.610216e-01
4.668991e-01
4.728516e-01
4.788800e-01
4.849853e-01
4.911684e-01
4.974303e-01
5.037721e-01
5.101947e-01
5.166991e-01
5.232866e-01
5.299580e-01
5.367144e-01
5.435570e-01
5.504868e-01
5.575050e-01
5.646126e-01
5.718109e-01
5.791009e-01
5.864839e-01
5.939610e-01
6.015334e-01
6.092024e-01
6.169691e-01
6.248349e-01
6.328009e-01
6.408685e-01
6.490389e-01
6.573136e-01
6.656937e-01
6.741806e-01
6.827758e-01
6.914805e-01
7.002962e-01
7.092243e-01
7.182662e-01
7.274234e-01
7.366973e-01
7.460895e-01
7.556014e-01
7.652346e-01
7.749906e-01
7.848710e-01
7.948773e-01
8.050112e-01
8.152743e-01
8.256683e-01
8.361947e-01
8.468554e-01
8.576520e-01
8.685862e-01
8.796599e-01
8.908747e-01
9.022324e-01
9.137350e-01
9.253843e-01
9.371820e-01
9.491302e-01
9.612306e-01
9.734854e-01
9.858964e-01
9.984656e-01
1.011195e+00
1.024087e+00
1.037143e+00
1.050365e+00
1.063757e+00
1.077318e+00
1.091053e+00
1.104963e+00
1.119050e+00
1.133317e+00
1.147766e+00
1.162399e+00
1.177218e+00
1.192227e+00
1.207426e+00
1.222820e+00
1.238410e+00
1.254198e+00
1.270188e+00
1.286382e+00
1.302782e+00
1.319391e+00
1.336212e+00
1.353247e+00
1.370500e+00
1.387972e+00
1.405668e+00
1.423588e+00
1.441738e+00
1.460119e+00
1.478734e+00
1.497586e+00
1.516679e+00
1.536015e+00
1.555598e+00
1.575430e+00
1.595515e+00
1.615857e+00
1.636457e+00
1.657320e+00
1.678450e+00
1.699848e+00
1.721520e+00
1.743467e+00
1.765695e+00
1.788206e+00
1.811004e+00
1.834092e+00
1.857475e+00
1.881156e+00
1.905139e+00
1.929428e+00
1.954026e+00
1.978938e+00
2.004167e+00
2.029719e+00
2.055595e+00
2.081802e+00
2.108343e+00
2.135223e+00
2.162445e+00
2.190014e+00
2.217934e+00
2.246211e+00
2.274848e+00
2.303850e+00
2.333222e+00
2.362968e+00
2.393093e+00
2.423603e+00
2.454502e+00
2.485794e+00
2.517486e+00
2.549581e+00
2.582086e+00
2.615005e+00
2.648344e+00
2.682107e+00
2.716302e+00
2.750932e+00
2.786004e+00
2.821522e+00
2.857494e+00
2.893924e+00
2.930819e+00
2.968184e+00
3.006026e+00
3.044349e+00
3.083162e+00
3.122469e+00
3.162278e+00
