$reaction
     coeff      name formula state ispecies
2575  -1.5  fayalite Fe2SiO4    cr     2575
1     -1.0     water     H2O   liq        1
2588   1.0 magnetite   Fe3O4    cr     2588
2603   1.5    quartz    SiO2    cr     2603
63     1.0        H2      H2    aq       63

$out
         T    P      logK
1     0.01 1500 -5.315820
2     1.00 1500 -5.307392
3     2.00 1500 -5.298699
4     3.00 1500 -5.289839
5     4.00 1500 -5.280822
6     5.00 1500 -5.271661
7     6.00 1500 -5.262365
8     7.00 1500 -5.252945
9     8.00 1500 -5.243408
10    9.00 1500 -5.233763
11   10.00 1500 -5.224017
12   11.00 1500 -5.214178
13   12.00 1500 -5.204252
14   13.00 1500 -5.194245
15   14.00 1500 -5.184164
16   15.00 1500 -5.174013
17   16.00 1500 -5.163797
18   17.00 1500 -5.153521
19   18.00 1500 -5.143190
20   19.00 1500 -5.132808
21   20.00 1500 -5.122378
22   21.00 1500 -5.111904
23   22.00 1500 -5.101390
24   23.00 1500 -5.090838
25   24.00 1500 -5.080252
26   25.00 1500 -5.069635
27   26.00 1500 -5.058990
28   27.00 1500 -5.048318
29   28.00 1500 -5.037622
30   29.00 1500 -5.026904
31   30.00 1500 -5.016168
32   31.00 1500 -5.005414
33   32.00 1500 -4.994644
34   33.00 1500 -4.983861
35   34.00 1500 -4.973065
36   35.00 1500 -4.962259
37   36.00 1500 -4.951445
38   37.00 1500 -4.940623
39   38.00 1500 -4.929794
40   39.00 1500 -4.918961
41   40.00 1500 -4.908125
42   41.00 1500 -4.897286
43   42.00 1500 -4.886445
44   43.00 1500 -4.875605
45   44.00 1500 -4.864765
46   45.00 1500 -4.853926
47   46.00 1500 -4.843090
48   47.00 1500 -4.832258
49   48.00 1500 -4.821430
50   49.00 1500 -4.810606
51   50.00 1500 -4.799788
52   51.00 1500 -4.788977
53   52.00 1500 -4.778173
54   53.00 1500 -4.767376
55   54.00 1500 -4.756587
56   55.00 1500 -4.745807
57   56.00 1500 -4.735037
58   57.00 1500 -4.724276
59   58.00 1500 -4.713525
60   59.00 1500 -4.702785
61   60.00 1500 -4.692057
62   61.00 1500 -4.681339
63   62.00 1500 -4.670634
64   63.00 1500 -4.659941
65   64.00 1500 -4.649261
66   65.00 1500 -4.638593
67   66.00 1500 -4.627939
68   67.00 1500 -4.617299
69   68.00 1500 -4.606672
70   69.00 1500 -4.596060
71   70.00 1500 -4.585462
72   71.00 1500 -4.574879
73   72.00 1500 -4.564310
74   73.00 1500 -4.553757
75   74.00 1500 -4.543219
76   75.00 1500 -4.532697
77   76.00 1500 -4.522190
78   77.00 1500 -4.511699
79   78.00 1500 -4.501224
80   79.00 1500 -4.490765
81   80.00 1500 -4.480322
82   81.00 1500 -4.469896
83   82.00 1500 -4.459487
84   83.00 1500 -4.449094
85   84.00 1500 -4.438718
86   85.00 1500 -4.428359
87   86.00 1500 -4.418017
88   87.00 1500 -4.407692
89   88.00 1500 -4.397384
90   89.00 1500 -4.387094
91   90.00 1500 -4.376821
92   91.00 1500 -4.366565
93   92.00 1500 -4.356327
94   93.00 1500 -4.346106
95   94.00 1500 -4.335903
96   95.00 1500 -4.325718
97   96.00 1500 -4.315550
98   97.00 1500 -4.305400
99   98.00 1500 -4.295268
100  99.00 1500 -4.285153
101 100.00 1500 -4.264506
102 101.00 1500 -4.254692
103 102.00 1500 -4.244819
104 103.00 1500 -4.234961
105 104.00 1500 -4.225116
106 105.00 1500 -4.215285
107 106.00 1500 -4.205469
108 107.00 1500 -4.195691
109 108.00 1500 -4.185927
110 109.00 1500 -4.176177
111 110.00 1500 -4.166417
112 111.00 1500 -4.156719
113 112.00 1500 -4.146988
114 113.00 1500 -4.137271
115 114.00 1500 -4.127569
116 115.00 1500 -4.117881
117 116.00 1500 -4.108256
118 117.00 1500 -4.098621
119 118.00 1500 -4.088978
120 119.00 1500 -4.079349
121 120.00 1500 -4.069735
122 121.00 1500 -4.060136
123 122.00 1500 -4.050553
124 123.00 1500 -4.041007
125 124.00 1500 -4.031452
126 125.00 1500 -4.021912
127 126.00 1500 -4.012387
128 127.00 1500 -4.002924
129 128.00 1500 -3.993428
130 129.00 1500 -3.983971
131 130.00 1500 -3.974505
132 131.00 1500 -3.965055
133 132.00 1500 -3.955620
134 133.00 1500 -3.946223
135 134.00 1500 -3.936818
136 135.00 1500 -3.927428
137 136.00 1500 -3.918054
138 137.00 1500 -3.908694
139 138.00 1500 -3.899349
140 139.00 1500 -3.890018
141 140.00 1500 -3.880679
142 141.00 1500 -3.871379
143 142.00 1500 -3.862116
144 143.00 1500 -3.852845
145 144.00 1500 -3.843590
146 145.00 1500 -3.834372
147 146.00 1500 -3.825193
148 147.00 1500 -3.815982
149 148.00 1500 -3.806787
150 149.00 1500 -3.797607
151 150.00 1500 -3.788441
152 151.00 1500 -3.779268
153 152.00 1500 -3.770131
154 153.00 1500 -3.760987
155 154.00 1500 -3.751857
156 155.00 1500 -3.742765
157 156.00 1500 -3.733688
158 157.00 1500 -3.724671
159 158.00 1500 -3.715624
160 159.00 1500 -3.706591
161 160.00 1500 -3.697573
162 161.00 1500 -3.688593
163 162.00 1500 -3.679604
164 163.00 1500 -3.670631
165 164.00 1500 -3.661649
166 165.00 1500 -3.652681
167 166.00 1500 -3.643727
168 167.00 1500 -3.634788
169 168.00 1500 -3.625886
170 169.00 1500 -3.616999
171 170.00 1500 -3.608126
172 171.00 1500 -3.599291
173 172.00 1500 -3.590447
174 173.00 1500 -3.581618
175 174.00 1500 -3.572803
176 175.00 1500 -3.564047
177 176.00 1500 -3.555238
178 177.00 1500 -3.546420
179 178.00 1500 -3.537639
180 179.00 1500 -3.528872
181 180.00 1500 -3.520119
182 181.00 1500 -3.511402
183 182.00 1500 -3.502700
184 183.00 1500 -3.494056
185 184.00 1500 -3.485382
186 185.00 1500 -3.476744
187 186.00 1500 -3.468098
188 187.00 1500 -3.459466
189 188.00 1500 -3.450801
190 189.00 1500 -3.442151
191 190.00 1500 -3.433515
192 191.00 1500 -3.424914
193 192.00 1500 -3.416350
194 193.00 1500 -3.407800
195 194.00 1500 -3.399262
196 195.00 1500 -3.390738
197 196.00 1500 -3.382228
198 197.00 1500 -3.373776
199 198.00 1500 -3.365293
200 199.00 1500 -3.356778
201 200.00 1500 -3.348298
202 201.00 1500 -3.339809
203 202.00 1500 -3.331402
204 203.00 1500 -3.322941
205 204.00 1500 -3.314514
206 205.00 1500 -3.306123
207 206.00 1500 -3.297745
208 207.00 1500 -3.289380
209 208.00 1500 -3.281028
210 209.00 1500 -3.272689
211 210.00 1500 -3.264317
212 211.00 1500 -3.256048
213 212.00 1500 -3.247703
214 213.00 1500 -3.239414
215 214.00 1500 -3.231094
216 215.00 1500 -3.222787
217 216.00 1500 -3.214515
218 217.00 1500 -3.206277
219 218.00 1500 -3.198052
220 219.00 1500 -3.189839
221 220.00 1500 -3.181659
222 221.00 1500 -3.173472
223 222.00 1500 -3.165250
224 223.00 1500 -3.157042
225 224.00 1500 -3.148846
226 225.00 1500 -3.140663
227 226.00 1500 -3.132513
228 227.00 1500 -3.124355
229 228.00 1500 -3.116296
230 229.00 1500 -3.108205
231 230.00 1500 -3.100125
232 231.00 1500 -3.092102
233 232.00 1500 -3.084001
234 233.00 1500 -3.075912
235 234.00 1500 -3.067835
236 235.00 1500 -3.059859
237 236.00 1500 -3.051806
238 237.00 1500 -3.043764
239 238.00 1500 -3.035735
240 239.00 1500 -3.027760
241 240.00 1500 -3.019797
242 241.00 1500 -3.011799
243 242.00 1500 -3.003813
244 243.00 1500 -2.995927
245 244.00 1500 -2.987964
246 245.00 1500 -2.980012
247 246.00 1500 -2.972117
248 247.00 1500 -2.964188
249 248.00 1500 -2.956270
250 249.00 1500 -2.948364
251 250.00 1500 -2.940512
252 251.00 1500 -2.932715
253 252.00 1500 -2.924929
254 253.00 1500 -2.917064
255 254.00 1500 -2.909210
256 255.00 1500 -2.901367
257 256.00 1500 -2.893534
258 257.00 1500 -2.885712
259 258.00 1500 -2.877991
260 259.00 1500 -2.870191
261 260.00 1500 -2.862398
262 261.00 1500 -2.854573
263 262.00 1500 -2.846802
264 263.00 1500 -2.839087
265 264.00 1500 -2.831426
266 265.00 1500 -2.823685
267 266.00 1500 -2.815955
268 267.00 1500 -2.808236
269 268.00 1500 -2.800572
270 269.00 1500 -2.792873
271 270.00 1500 -2.785184
272 271.00 1500 -2.777593
273 272.00 1500 -2.769921
274 273.00 1500 -2.762350
275 274.00 1500 -2.754698
276 275.00 1500 -2.747055
277 276.00 1500 -2.739423
278 277.00 1500 -2.731844
279 278.00 1500 -2.724274
280 279.00 1500 -2.716624
281 280.00 1500 -2.709030
282 281.00 1500 -2.701400
283 282.00 1500 -2.693779
284 283.00 1500 -2.686210
285 284.00 1500 -2.678787
286 285.00 1500 -2.671237
287 286.00 1500 -2.663697
288 287.00 1500 -2.656166
289 288.00 1500 -2.648689
290 289.00 1500 -2.641265
291 290.00 1500 -2.633761
292 291.00 1500 -2.626219
293 292.00 1500 -2.618730
294 293.00 1500 -2.611342
295 294.00 1500 -2.603915
296 295.00 1500 -2.596452
297 296.00 1500 -2.588950
298 297.00 1500 -2.581549
299 298.00 1500 -2.574065
300 299.00 1500 -2.566681
301 300.00 1500 -2.559214
302 301.00 1500 -2.551846
303 302.00 1500 -2.544443
304 303.00 1500 -2.537002
305 304.00 1500 -2.529613
306 305.00 1500 -2.522232
307 306.00 1500 -2.514995
308 307.00 1500 -2.507631
309 308.00 1500 -2.500273
310 309.00 1500 -2.492877
311 310.00 1500 -2.485672
312 311.00 1500 -2.478291
313 312.00 1500 -2.470914
314 313.00 1500 -2.463594
315 314.00 1500 -2.456325
316 315.00 1500 -2.449016
317 316.00 1500 -2.441719
318 317.00 1500 -2.434381
319 318.00 1500 -2.427143
320 319.00 1500 -2.419912
321 320.00 1500 -2.412596
322 321.00 1500 -2.405380
323 322.00 1500 -2.398079
324 323.00 1500 -2.390833
325 324.00 1500 -2.383591
326 325.00 1500 -2.376447
327 326.00 1500 -2.369266
328 327.00 1500 -2.361996
329 328.00 1500 -2.354734
330 329.00 1500 -2.347615
331 330.00 1500 -2.340317
332 331.00 1500 -2.333120
333 332.00 1500 -2.325880
334 333.00 1500 -2.318788
335 334.00 1500 -2.311610
336 335.00 1500 -2.304391
337 336.00 1500 -2.297272
338 337.00 1500 -2.290159
339 338.00 1500 -2.282959
340 339.00 1500 -2.275859
341 340.00 1500 -2.268720
342 341.00 1500 -2.261583
343 342.00 1500 -2.254408
344 343.00 1500 -2.247380
345 344.00 1500 -2.240162
346 345.00 1500 -2.232950
347 346.00 1500 -2.225984
348 347.00 1500 -2.218784
349 348.00 1500 -2.211641
350 349.00 1500 -2.204642
351 350.00 1500 -2.197505
352 351.00 1500 -2.190423
353 352.00 1500 -2.183394
354 353.00 1500 -2.176320
355 354.00 1500 -2.169255
356 355.00 1500 -2.162241
357 356.00 1500 -2.155233
358 357.00 1500 -2.148134
359 358.00 1500 -2.141136
360 359.00 1500 -2.134040
361 360.00 1500 -2.126854
362 361.00 1500 -2.119871
363 362.00 1500 -2.112744
364 363.00 1500 -2.105722
365 364.00 1500 -2.098746
366 365.00 1500 -2.091631
367 366.00 1500 -2.084624
368 367.00 1500 -2.077661
369 368.00 1500 -2.070708
370 369.00 1500 -2.063658
371 370.00 1500 -2.056709
372 371.00 1500 -2.049769
373 372.00 1500 -2.042733
374 373.00 1500 -2.035897
375 374.00 1500 -2.028869
376 375.00 1500 -2.021788
377 376.00 1500 -2.014916
378 377.00 1500 -2.007795
379 378.00 1500 -2.000932
380 379.00 1500 -1.993865
381 380.00 1500 -1.986758
382 381.00 1500 -1.979905
383 382.00 1500 -1.972851
384 383.00 1500 -1.965956
385 384.00 1500 -1.959006
386 385.00 1500 -1.952011
387 386.00 1500 -1.945112
388 387.00 1500 -1.938124
389 388.00 1500 -1.931182
390 389.00 1500 -1.924250
391 390.00 1500 -1.917162
392 391.00 1500 -1.910340
393 392.00 1500 -1.903308
394 393.00 1500 -1.896491
395 394.00 1500 -1.889465
396 395.00 1500 -1.882502
397 396.00 1500 -1.875586
398 397.00 1500 -1.868676
399 398.00 1500 -1.861766
400 399.00 1500 -1.854706
401 400.00 1500 -1.847805
402 401.00 1500 -1.840949
403 402.00 1500 -1.834101
404 403.00 1500 -1.827250
405 404.00 1500 -1.820406
406 405.00 1500 -1.813345
407 406.00 1500 -1.806606
408 407.00 1500 -1.799551
409 408.00 1500 -1.792816
410 409.00 1500 -1.785764
411 410.00 1500 -1.778933
412 411.00 1500 -1.771985
413 412.00 1500 -1.765038
414 413.00 1500 -1.758094
415 414.00 1500 -1.750935
416 415.00 1500 -1.744112
417 416.00 1500 -1.737056
418 417.00 1500 -1.730235
419 418.00 1500 -1.723183
420 419.00 1500 -1.716464
421 420.00 1500 -1.709413
422 421.00 1500 -1.702697
423 422.00 1500 -1.695649
424 423.00 1500 -1.688934
425 424.00 1500 -1.681890
426 425.00 1500 -1.675175
427 426.00 1500 -1.668133
428 427.00 1500 -1.661206
429 428.00 1500 -1.654494
430 429.00 1500 -1.647455
431 430.00 1500 -1.640742
432 431.00 1500 -1.633704
433 432.00 1500 -1.626991
434 433.00 1500 -1.619833
435 434.00 1500 -1.613121
436 435.00 1500 -1.605936
437 436.00 1500 -1.599224
438 437.00 1500 -1.592041
439 438.00 1500 -1.585329
440 439.00 1500 -1.578275
441 440.00 1500 -1.571435
442 441.00 1500 -1.564381
443 442.00 1500 -1.557431
444 443.00 1500 -1.550484
445 444.00 1500 -1.543535
446 445.00 1500 -1.536588
447 446.00 1500 -1.529764
448 447.00 1500 -1.522689
449 448.00 1500 -1.515865
450 449.00 1500 -1.509018
451 450.00 1500 -1.501961
452 451.00 1500 -1.495241
453 452.00 1500 -1.488056
454 453.00 1500 -1.481331
455 454.00 1500 -1.474251
456 455.00 1500 -1.467525
457 456.00 1500 -1.460441
458 457.00 1500 -1.453712
459 458.00 1500 -1.446752
460 459.00 1500 -1.439619
461 460.00 1500 -1.432656
462 461.00 1500 -1.425520
463 462.00 1500 -1.418555
464 463.00 1500 -1.411813
465 464.00 1500 -1.404447
466 465.00 1500 -1.397704
467 466.00 1500 -1.390445
468 467.00 1500 -1.383695
469 468.00 1500 -1.376549
470 469.00 1500 -1.369680
471 470.00 1500 -1.362923
472 471.00 1500 -1.355653
473 472.00 1500 -1.348893
474 473.00 1500 -1.341620
475 474.00 1500 -1.334854
476 475.00 1500 -1.327578
477 476.00 1500 -1.320497
478 477.00 1500 -1.313609
479 478.00 1500 -1.306439
480 479.00 1500 -1.299237
481 480.00 1500 -1.292201
482 481.00 1500 -1.285163
483 482.00 1500 -1.278067
484 483.00 1500 -1.270772
485 484.00 1500 -1.263973
486 485.00 1500 -1.256506
487 486.00 1500 -1.249565
488 487.00 1500 -1.242507
489 488.00 1500 -1.235393
490 489.00 1500 -1.228441
491 490.00 1500 -1.221372
492 491.00 1500 -1.214550
493 492.00 1500 -1.207037
494 493.00 1500 -1.200206
495 494.00 1500 -1.193234
496 495.00 1500 -1.185849
497 496.00 1500 -1.179001
498 497.00 1500 -1.171892
499 498.00 1500 -1.164737
500 499.00 1500 -1.157753
501 500.00 1500 -1.150756

