$reaction
     coeff     name formula state ispecies
63      -1       H2      H2    aq       63
3171     1 hydrogen      H2   gas     3171

$out
         T    P     logK
1     0.01 1500 3.674144
2     1.00 1500 3.680202
3     2.00 1500 3.686019
4     3.00 1500 3.691548
5     4.00 1500 3.696803
6     5.00 1500 3.701795
7     6.00 1500 3.706536
8     7.00 1500 3.711037
9     8.00 1500 3.715308
10    9.00 1500 3.719359
11   10.00 1500 3.723198
12   11.00 1500 3.726834
13   12.00 1500 3.730274
14   13.00 1500 3.733526
15   14.00 1500 3.736596
16   15.00 1500 3.739492
17   16.00 1500 3.742219
18   17.00 1500 3.744783
19   18.00 1500 3.747190
20   19.00 1500 3.749445
21   20.00 1500 3.751553
22   21.00 1500 3.753519
23   22.00 1500 3.755347
24   23.00 1500 3.757041
25   24.00 1500 3.758606
26   25.00 1500 3.760045
27   26.00 1500 3.761362
28   27.00 1500 3.762561
29   28.00 1500 3.763645
30   29.00 1500 3.764617
31   30.00 1500 3.765480
32   31.00 1500 3.766237
33   32.00 1500 3.766892
34   33.00 1500 3.767446
35   34.00 1500 3.767903
36   35.00 1500 3.768264
37   36.00 1500 3.768533
38   37.00 1500 3.768712
39   38.00 1500 3.768803
40   39.00 1500 3.768807
41   40.00 1500 3.768728
42   41.00 1500 3.768566
43   42.00 1500 3.768325
44   43.00 1500 3.768006
45   44.00 1500 3.767610
46   45.00 1500 3.767140
47   46.00 1500 3.766597
48   47.00 1500 3.765982
49   48.00 1500 3.765298
50   49.00 1500 3.764546
51   50.00 1500 3.763727
52   51.00 1500 3.762843
53   52.00 1500 3.761894
54   53.00 1500 3.760884
55   54.00 1500 3.759812
56   55.00 1500 3.758679
57   56.00 1500 3.757489
58   57.00 1500 3.756240
59   58.00 1500 3.754935
60   59.00 1500 3.753575
61   60.00 1500 3.752160
62   61.00 1500 3.750692
63   62.00 1500 3.749173
64   63.00 1500 3.747601
65   64.00 1500 3.745980
66   65.00 1500 3.744310
67   66.00 1500 3.742591
68   67.00 1500 3.740825
69   68.00 1500 3.739012
70   69.00 1500 3.737154
71   70.00 1500 3.735251
72   71.00 1500 3.733304
73   72.00 1500 3.731313
74   73.00 1500 3.729280
75   74.00 1500 3.727206
76   75.00 1500 3.725090
77   76.00 1500 3.722935
78   77.00 1500 3.720740
79   78.00 1500 3.718506
80   79.00 1500 3.716233
81   80.00 1500 3.713924
82   81.00 1500 3.711577
83   82.00 1500 3.709194
84   83.00 1500 3.706776
85   84.00 1500 3.704322
86   85.00 1500 3.701834
87   86.00 1500 3.699313
88   87.00 1500 3.696758
89   88.00 1500 3.694170
90   89.00 1500 3.691550
91   90.00 1500 3.688898
92   91.00 1500 3.686215
93   92.00 1500 3.683502
94   93.00 1500 3.680758
95   94.00 1500 3.677985
96   95.00 1500 3.675182
97   96.00 1500 3.672351
98   97.00 1500 3.669492
99   98.00 1500 3.666604
100  99.00 1500 3.663690
101 100.00 1500 3.656965
102 101.00 1500 3.654000
103 102.00 1500 3.651011
104 103.00 1500 3.647998
105 104.00 1500 3.644961
106 105.00 1500 3.641901
107 106.00 1500 3.638818
108 107.00 1500 3.635711
109 108.00 1500 3.632583
110 109.00 1500 3.629432
111 110.00 1500 3.626260
112 111.00 1500 3.623066
113 112.00 1500 3.619851
114 113.00 1500 3.616615
115 114.00 1500 3.613358
116 115.00 1500 3.610082
117 116.00 1500 3.606785
118 117.00 1500 3.603469
119 118.00 1500 3.600133
120 119.00 1500 3.596779
121 120.00 1500 3.593405
122 121.00 1500 3.590013
123 122.00 1500 3.586603
124 123.00 1500 3.583175
125 124.00 1500 3.579729
126 125.00 1500 3.576265
127 126.00 1500 3.572784
128 127.00 1500 3.569286
129 128.00 1500 3.565772
130 129.00 1500 3.562240
131 130.00 1500 3.558692
132 131.00 1500 3.555129
133 132.00 1500 3.551549
134 133.00 1500 3.547954
135 134.00 1500 3.544343
136 135.00 1500 3.540717
137 136.00 1500 3.537076
138 137.00 1500 3.533420
139 138.00 1500 3.529750
140 139.00 1500 3.526065
141 140.00 1500 3.522366
142 141.00 1500 3.518653
143 142.00 1500 3.514926
144 143.00 1500 3.511185
145 144.00 1500 3.507431
146 145.00 1500 3.503664
147 146.00 1500 3.499883
148 147.00 1500 3.496090
149 148.00 1500 3.492284
150 149.00 1500 3.488465
151 150.00 1500 3.484634
152 151.00 1500 3.480790
153 152.00 1500 3.476935
154 153.00 1500 3.473067
155 154.00 1500 3.469188
156 155.00 1500 3.465297
157 156.00 1500 3.461395
158 157.00 1500 3.457481
159 158.00 1500 3.453557
160 159.00 1500 3.449621
161 160.00 1500 3.445674
162 161.00 1500 3.441717
163 162.00 1500 3.437749
164 163.00 1500 3.433770
165 164.00 1500 3.429781
166 165.00 1500 3.425782
167 166.00 1500 3.421774
168 167.00 1500 3.417755
169 168.00 1500 3.413726
170 169.00 1500 3.409688
171 170.00 1500 3.405640
172 171.00 1500 3.401582
173 172.00 1500 3.397516
174 173.00 1500 3.393440
175 174.00 1500 3.389355
176 175.00 1500 3.385261
177 176.00 1500 3.381159
178 177.00 1500 3.377047
179 178.00 1500 3.372927
180 179.00 1500 3.368799
181 180.00 1500 3.364662
182 181.00 1500 3.360517
183 182.00 1500 3.356364
184 183.00 1500 3.352202
185 184.00 1500 3.348033
186 185.00 1500 3.343856
187 186.00 1500 3.339671
188 187.00 1500 3.335478
189 188.00 1500 3.331278
190 189.00 1500 3.327070
191 190.00 1500 3.322855
192 191.00 1500 3.318633
193 192.00 1500 3.314403
194 193.00 1500 3.310167
195 194.00 1500 3.305923
196 195.00 1500 3.301672
197 196.00 1500 3.297415
198 197.00 1500 3.293150
199 198.00 1500 3.288879
200 199.00 1500 3.284602
201 200.00 1500 3.280318
202 201.00 1500 3.276027
203 202.00 1500 3.271730
204 203.00 1500 3.267427
205 204.00 1500 3.263117
206 205.00 1500 3.258802
207 206.00 1500 3.254480
208 207.00 1500 3.250153
209 208.00 1500 3.245819
210 209.00 1500 3.241480
211 210.00 1500 3.237134
212 211.00 1500 3.232784
213 212.00 1500 3.228427
214 213.00 1500 3.224065
215 214.00 1500 3.219697
216 215.00 1500 3.215324
217 216.00 1500 3.210946
218 217.00 1500 3.206562
219 218.00 1500 3.202173
220 219.00 1500 3.197779
221 220.00 1500 3.193380
222 221.00 1500 3.188975
223 222.00 1500 3.184566
224 223.00 1500 3.180152
225 224.00 1500 3.175732
226 225.00 1500 3.171308
227 226.00 1500 3.166879
228 227.00 1500 3.162446
229 228.00 1500 3.158008
230 229.00 1500 3.153565
231 230.00 1500 3.149117
232 231.00 1500 3.144665
233 232.00 1500 3.140209
234 233.00 1500 3.135748
235 234.00 1500 3.131283
236 235.00 1500 3.126813
237 236.00 1500 3.122339
238 237.00 1500 3.117861
239 238.00 1500 3.113379
240 239.00 1500 3.108893
241 240.00 1500 3.104402
242 241.00 1500 3.099908
243 242.00 1500 3.095409
244 243.00 1500 3.090906
245 244.00 1500 3.086400
246 245.00 1500 3.081890
247 246.00 1500 3.077376
248 247.00 1500 3.072858
249 248.00 1500 3.068336
250 249.00 1500 3.063811
251 250.00 1500 3.059282
252 251.00 1500 3.054749
253 252.00 1500 3.050213
254 253.00 1500 3.045673
255 254.00 1500 3.041129
256 255.00 1500 3.036582
257 256.00 1500 3.032032
258 257.00 1500 3.027478
259 258.00 1500 3.022921
260 259.00 1500 3.018360
261 260.00 1500 3.013796
262 261.00 1500 3.009229
263 262.00 1500 3.004659
264 263.00 1500 3.000085
265 264.00 1500 2.995508
266 265.00 1500 2.990927
267 266.00 1500 2.986344
268 267.00 1500 2.981758
269 268.00 1500 2.977168
270 269.00 1500 2.972576
271 270.00 1500 2.967980
272 271.00 1500 2.963381
273 272.00 1500 2.958780
274 273.00 1500 2.954175
275 274.00 1500 2.949567
276 275.00 1500 2.944957
277 276.00 1500 2.940343
278 277.00 1500 2.935727
279 278.00 1500 2.931108
280 279.00 1500 2.926486
281 280.00 1500 2.921861
282 281.00 1500 2.917234
283 282.00 1500 2.912604
284 283.00 1500 2.907970
285 284.00 1500 2.903335
286 285.00 1500 2.898696
287 286.00 1500 2.894055
288 287.00 1500 2.889411
289 288.00 1500 2.884765
290 289.00 1500 2.880116
291 290.00 1500 2.875464
292 291.00 1500 2.870810
293 292.00 1500 2.866153
294 293.00 1500 2.861493
295 294.00 1500 2.856831
296 295.00 1500 2.852167
297 296.00 1500 2.847500
298 297.00 1500 2.842830
299 298.00 1500 2.838158
300 299.00 1500 2.833483
301 300.00 1500 2.828806
302 301.00 1500 2.824127
303 302.00 1500 2.819445
304 303.00 1500 2.814760
305 304.00 1500 2.810074
306 305.00 1500 2.805385
307 306.00 1500 2.800693
308 307.00 1500 2.795999
309 308.00 1500 2.791303
310 309.00 1500 2.786604
311 310.00 1500 2.781903
312 311.00 1500 2.777200
313 312.00 1500 2.772494
314 313.00 1500 2.767786
315 314.00 1500 2.763075
316 315.00 1500 2.758362
317 316.00 1500 2.753647
318 317.00 1500 2.748930
319 318.00 1500 2.744210
320 319.00 1500 2.739488
321 320.00 1500 2.734764
322 321.00 1500 2.730038
323 322.00 1500 2.725308
324 323.00 1500 2.720577
325 324.00 1500 2.715844
326 325.00 1500 2.711108
327 326.00 1500 2.706370
328 327.00 1500 2.701630
329 328.00 1500 2.696888
330 329.00 1500 2.692143
331 330.00 1500 2.687396
332 331.00 1500 2.682647
333 332.00 1500 2.677895
334 333.00 1500 2.673141
335 334.00 1500 2.668385
336 335.00 1500 2.663627
337 336.00 1500 2.658866
338 337.00 1500 2.654104
339 338.00 1500 2.649339
340 339.00 1500 2.644571
341 340.00 1500 2.639801
342 341.00 1500 2.635030
343 342.00 1500 2.630255
344 343.00 1500 2.625479
345 344.00 1500 2.620700
346 345.00 1500 2.615920
347 346.00 1500 2.611136
348 347.00 1500 2.606351
349 348.00 1500 2.601563
350 349.00 1500 2.596773
351 350.00 1500 2.591981
352 351.00 1500 2.587186
353 352.00 1500 2.582389
354 353.00 1500 2.577589
355 354.00 1500 2.572787
356 355.00 1500 2.567983
357 356.00 1500 2.563177
358 357.00 1500 2.558369
359 358.00 1500 2.553558
360 359.00 1500 2.548744
361 360.00 1500 2.543928
362 361.00 1500 2.539111
363 362.00 1500 2.534290
364 363.00 1500 2.529467
365 364.00 1500 2.524641
366 365.00 1500 2.519814
367 366.00 1500 2.514984
368 367.00 1500 2.510151
369 368.00 1500 2.505316
370 369.00 1500 2.500478
371 370.00 1500 2.495638
372 371.00 1500 2.490796
373 372.00 1500 2.485951
374 373.00 1500 2.481103
375 374.00 1500 2.476253
376 375.00 1500 2.471401
377 376.00 1500 2.466546
378 377.00 1500 2.461688
379 378.00 1500 2.456828
380 379.00 1500 2.451965
381 380.00 1500 2.447101
382 381.00 1500 2.442233
383 382.00 1500 2.437362
384 383.00 1500 2.432489
385 384.00 1500 2.427613
386 385.00 1500 2.422735
387 386.00 1500 2.417853
388 387.00 1500 2.412969
389 388.00 1500 2.408082
390 389.00 1500 2.403193
391 390.00 1500 2.398301
392 391.00 1500 2.393407
393 392.00 1500 2.388508
394 393.00 1500 2.383608
395 394.00 1500 2.378705
396 395.00 1500 2.373799
397 396.00 1500 2.368889
398 397.00 1500 2.363977
399 398.00 1500 2.359063
400 399.00 1500 2.354145
401 400.00 1500 2.349224
402 401.00 1500 2.344300
403 402.00 1500 2.339373
404 403.00 1500 2.334444
405 404.00 1500 2.329511
406 405.00 1500 2.324575
407 406.00 1500 2.319636
408 407.00 1500 2.314695
409 408.00 1500 2.309750
410 409.00 1500 2.304801
411 410.00 1500 2.299850
412 411.00 1500 2.294896
413 412.00 1500 2.289937
414 413.00 1500 2.284976
415 414.00 1500 2.280012
416 415.00 1500 2.275045
417 416.00 1500 2.270074
418 417.00 1500 2.265100
419 418.00 1500 2.260123
420 419.00 1500 2.255142
421 420.00 1500 2.250156
422 421.00 1500 2.245169
423 422.00 1500 2.240177
424 423.00 1500 2.235183
425 424.00 1500 2.230185
426 425.00 1500 2.225183
427 426.00 1500 2.220178
428 427.00 1500 2.215168
429 428.00 1500 2.210157
430 429.00 1500 2.205141
431 430.00 1500 2.200120
432 431.00 1500 2.195097
433 432.00 1500 2.190069
434 433.00 1500 2.185039
435 434.00 1500 2.180004
436 435.00 1500 2.174964
437 436.00 1500 2.169922
438 437.00 1500 2.164875
439 438.00 1500 2.159825
440 439.00 1500 2.154771
441 440.00 1500 2.149713
442 441.00 1500 2.144651
443 442.00 1500 2.139584
444 443.00 1500 2.134514
445 444.00 1500 2.129439
446 445.00 1500 2.124361
447 446.00 1500 2.119278
448 447.00 1500 2.114192
449 448.00 1500 2.109100
450 449.00 1500 2.104004
451 450.00 1500 2.098904
452 451.00 1500 2.093801
453 452.00 1500 2.088693
454 453.00 1500 2.083579
455 454.00 1500 2.078462
456 455.00 1500 2.073342
457 456.00 1500 2.068214
458 457.00 1500 2.063085
459 458.00 1500 2.057950
460 459.00 1500 2.052810
461 460.00 1500 2.047666
462 461.00 1500 2.042516
463 462.00 1500 2.037363
464 463.00 1500 2.032203
465 464.00 1500 2.027040
466 465.00 1500 2.021874
467 466.00 1500 2.016701
468 467.00 1500 2.011523
469 468.00 1500 2.006340
470 469.00 1500 2.001154
471 470.00 1500 1.995961
472 471.00 1500 1.990762
473 472.00 1500 1.985562
474 473.00 1500 1.980352
475 474.00 1500 1.975142
476 475.00 1500 1.969924
477 476.00 1500 1.964700
478 477.00 1500 1.959474
479 478.00 1500 1.954239
480 479.00 1500 1.949000
481 480.00 1500 1.943756
482 481.00 1500 1.938508
483 482.00 1500 1.933253
484 483.00 1500 1.927994
485 484.00 1500 1.922728
486 485.00 1500 1.917457
487 486.00 1500 1.912181
488 487.00 1500 1.906898
489 488.00 1500 1.901611
490 489.00 1500 1.896319
491 490.00 1500 1.891019
492 491.00 1500 1.885717
493 492.00 1500 1.880405
494 493.00 1500 1.875091
495 494.00 1500 1.869769
496 495.00 1500 1.864442
497 496.00 1500 1.859107
498 497.00 1500 1.853769
499 498.00 1500 1.848421
500 499.00 1500 1.843071
501 500.00 1500 1.837715

