$reaction
   coeff  name formula state ispecies
1     -1 water     H2O   liq        1
21     1   OH-     OH-    aq       21
3      1    H+      H+    aq        3

$out
         T    P      logK
2     0.01 1500 -14.16174
3     1.00 1500 -14.12851
4     2.00 1500 -14.09517
5     3.00 1500 -14.06204
6     4.00 1500 -14.02913
7     5.00 1500 -13.99645
8     6.00 1500 -13.96399
9     7.00 1500 -13.93176
10    8.00 1500 -13.89977
11    9.00 1500 -13.86800
12   10.00 1500 -13.83646
13   11.00 1500 -13.80516
14   12.00 1500 -13.77408
15   13.00 1500 -13.74324
16   14.00 1500 -13.71263
17   15.00 1500 -13.68225
18   16.00 1500 -13.65210
19   17.00 1500 -13.62219
20   18.00 1500 -13.59250
21   19.00 1500 -13.56304
22   20.00 1500 -13.53380
23   21.00 1500 -13.50479
24   22.00 1500 -13.47601
25   23.00 1500 -13.44745
26   24.00 1500 -13.41911
27   25.00 1500 -13.39099
28   26.00 1500 -13.36309
29   27.00 1500 -13.33541
30   28.00 1500 -13.30795
31   29.00 1500 -13.28070
32   30.00 1500 -13.25366
33   31.00 1500 -13.22684
34   32.00 1500 -13.20022
35   33.00 1500 -13.17382
36   34.00 1500 -13.14762
37   35.00 1500 -13.12162
38   36.00 1500 -13.09583
39   37.00 1500 -13.07024
40   38.00 1500 -13.04486
41   39.00 1500 -13.01967
42   40.00 1500 -12.99468
43   41.00 1500 -12.96988
44   42.00 1500 -12.94528
45   43.00 1500 -12.92087
46   44.00 1500 -12.89665
47   45.00 1500 -12.87262
48   46.00 1500 -12.84878
49   47.00 1500 -12.82513
50   48.00 1500 -12.80165
51   49.00 1500 -12.77837
52   50.00 1500 -12.75526
53   51.00 1500 -12.73233
54   52.00 1500 -12.70958
55   53.00 1500 -12.68701
56   54.00 1500 -12.66461
57   55.00 1500 -12.64239
58   56.00 1500 -12.62034
59   57.00 1500 -12.59846
60   58.00 1500 -12.57675
61   59.00 1500 -12.55520
62   60.00 1500 -12.53383
63   61.00 1500 -12.51262
64   62.00 1500 -12.49157
65   63.00 1500 -12.47068
66   64.00 1500 -12.44996
67   65.00 1500 -12.42939
68   66.00 1500 -12.40899
69   67.00 1500 -12.38873
70   68.00 1500 -12.36864
71   69.00 1500 -12.34870
72   70.00 1500 -12.32891
73   71.00 1500 -12.30927
74   72.00 1500 -12.28979
75   73.00 1500 -12.27045
76   74.00 1500 -12.25126
77   75.00 1500 -12.23222
78   76.00 1500 -12.21332
79   77.00 1500 -12.19457
80   78.00 1500 -12.17596
81   79.00 1500 -12.15749
82   80.00 1500 -12.13916
83   81.00 1500 -12.12097
84   82.00 1500 -12.10292
85   83.00 1500 -12.08501
86   84.00 1500 -12.06723
87   85.00 1500 -12.04959
88   86.00 1500 -12.03208
89   87.00 1500 -12.01471
90   88.00 1500 -11.99747
91   89.00 1500 -11.98035
92   90.00 1500 -11.96337
93   91.00 1500 -11.94651
94   92.00 1500 -11.92979
95   93.00 1500 -11.91318
96   94.00 1500 -11.89671
97   95.00 1500 -11.88036
98   96.00 1500 -11.86413
99   97.00 1500 -11.84803
100  98.00 1500 -11.83204
101  99.00 1500 -11.81618
102 100.00 1500 -11.82480
103 101.00 1500 -11.80941
104 102.00 1500 -11.79404
105 103.00 1500 -11.77877
106 104.00 1500 -11.76360
107 105.00 1500 -11.74853
108 106.00 1500 -11.73355
109 107.00 1500 -11.71869
110 108.00 1500 -11.70393
111 109.00 1500 -11.68927
112 110.00 1500 -11.67467
113 111.00 1500 -11.66022
114 112.00 1500 -11.64582
115 113.00 1500 -11.63151
116 114.00 1500 -11.61729
117 115.00 1500 -11.60316
118 116.00 1500 -11.58918
119 117.00 1500 -11.57526
120 118.00 1500 -11.56141
121 119.00 1500 -11.54765
122 120.00 1500 -11.53399
123 121.00 1500 -11.52041
124 122.00 1500 -11.50692
125 123.00 1500 -11.49354
126 124.00 1500 -11.48023
127 125.00 1500 -11.46701
128 126.00 1500 -11.45387
129 127.00 1500 -11.44087
130 128.00 1500 -11.42791
131 129.00 1500 -11.41506
132 130.00 1500 -11.40227
133 131.00 1500 -11.38957
134 132.00 1500 -11.37695
135 133.00 1500 -11.36444
136 134.00 1500 -11.35199
137 135.00 1500 -11.33963
138 136.00 1500 -11.32735
139 137.00 1500 -11.31515
140 138.00 1500 -11.30304
141 139.00 1500 -11.29100
142 140.00 1500 -11.27903
143 141.00 1500 -11.26716
144 142.00 1500 -11.25539
145 143.00 1500 -11.24368
146 144.00 1500 -11.23206
147 145.00 1500 -11.22053
148 146.00 1500 -11.20911
149 147.00 1500 -11.19772
150 148.00 1500 -11.18641
151 149.00 1500 -11.17518
152 150.00 1500 -11.16403
153 151.00 1500 -11.15293
154 152.00 1500 -11.14193
155 153.00 1500 -11.13098
156 154.00 1500 -11.12011
157 155.00 1500 -11.10934
158 156.00 1500 -11.09865
159 157.00 1500 -11.08808
160 158.00 1500 -11.07754
161 159.00 1500 -11.06707
162 160.00 1500 -11.05668
163 161.00 1500 -11.04638
164 162.00 1500 -11.03613
165 163.00 1500 -11.02596
166 164.00 1500 -11.01584
167 165.00 1500 -11.00579
168 166.00 1500 -10.99582
169 167.00 1500 -10.98591
170 168.00 1500 -10.97610
171 169.00 1500 -10.96636
172 170.00 1500 -10.95670
173 171.00 1500 -10.94712
174 172.00 1500 -10.93760
175 173.00 1500 -10.92814
176 174.00 1500 -10.91876
177 175.00 1500 -10.90949
178 176.00 1500 -10.90022
179 177.00 1500 -10.89100
180 178.00 1500 -10.88187
181 179.00 1500 -10.87280
182 180.00 1500 -10.86381
183 181.00 1500 -10.85491
184 182.00 1500 -10.84607
185 183.00 1500 -10.83734
186 184.00 1500 -10.82864
187 185.00 1500 -10.82003
188 186.00 1500 -10.81146
189 187.00 1500 -10.80296
190 188.00 1500 -10.79448
191 189.00 1500 -10.78606
192 190.00 1500 -10.77771
193 191.00 1500 -10.76945
194 192.00 1500 -10.76127
195 193.00 1500 -10.75316
196 194.00 1500 -10.74511
197 195.00 1500 -10.73713
198 196.00 1500 -10.72920
199 197.00 1500 -10.72139
200 198.00 1500 -10.71360
201 199.00 1500 -10.70582
202 200.00 1500 -10.69813
203 201.00 1500 -10.69048
204 202.00 1500 -10.68296
205 203.00 1500 -10.67544
206 204.00 1500 -10.66800
207 205.00 1500 -10.66064
208 206.00 1500 -10.65334
209 207.00 1500 -10.64610
210 208.00 1500 -10.63893
211 209.00 1500 -10.63181
212 210.00 1500 -10.62471
213 211.00 1500 -10.61776
214 212.00 1500 -10.61078
215 213.00 1500 -10.60390
216 214.00 1500 -10.59704
217 215.00 1500 -10.59024
218 216.00 1500 -10.58351
219 217.00 1500 -10.57687
220 218.00 1500 -10.57029
221 219.00 1500 -10.56376
222 220.00 1500 -10.55732
223 221.00 1500 -10.55091
224 222.00 1500 -10.54451
225 223.00 1500 -10.53817
226 224.00 1500 -10.53188
227 225.00 1500 -10.52566
228 226.00 1500 -10.51951
229 227.00 1500 -10.51339
230 228.00 1500 -10.50742
231 229.00 1500 -10.50147
232 230.00 1500 -10.49556
233 231.00 1500 -10.48976
234 232.00 1500 -10.48392
235 233.00 1500 -10.47813
236 234.00 1500 -10.47241
237 235.00 1500 -10.46682
238 236.00 1500 -10.46120
239 237.00 1500 -10.45564
240 238.00 1500 -10.45012
241 239.00 1500 -10.44471
242 240.00 1500 -10.43935
243 241.00 1500 -10.43399
244 242.00 1500 -10.42869
245 243.00 1500 -10.42353
246 244.00 1500 -10.41834
247 245.00 1500 -10.41319
248 246.00 1500 -10.40815
249 247.00 1500 -10.40311
250 248.00 1500 -10.39812
251 249.00 1500 -10.39319
252 250.00 1500 -10.38834
253 251.00 1500 -10.38360
254 252.00 1500 -10.37890
255 253.00 1500 -10.37417
256 254.00 1500 -10.36948
257 255.00 1500 -10.36485
258 256.00 1500 -10.36027
259 257.00 1500 -10.35573
260 258.00 1500 -10.35134
261 259.00 1500 -10.34690
262 260.00 1500 -10.34252
263 261.00 1500 -10.33814
264 262.00 1500 -10.33384
265 263.00 1500 -10.32965
266 264.00 1500 -10.32554
267 265.00 1500 -10.32140
268 266.00 1500 -10.31731
269 267.00 1500 -10.31326
270 268.00 1500 -10.30930
271 269.00 1500 -10.30535
272 270.00 1500 -10.30145
273 271.00 1500 -10.29767
274 272.00 1500 -10.29386
275 273.00 1500 -10.29018
276 274.00 1500 -10.28646
277 275.00 1500 -10.28279
278 276.00 1500 -10.27916
279 277.00 1500 -10.27562
280 278.00 1500 -10.27213
281 279.00 1500 -10.26859
282 280.00 1500 -10.26515
283 281.00 1500 -10.26170
284 282.00 1500 -10.25830
285 283.00 1500 -10.25499
286 284.00 1500 -10.25186
287 285.00 1500 -10.24864
288 286.00 1500 -10.24546
289 287.00 1500 -10.24233
290 288.00 1500 -10.23928
291 289.00 1500 -10.23633
292 290.00 1500 -10.23333
293 291.00 1500 -10.23032
294 292.00 1500 -10.22740
295 293.00 1500 -10.22463
296 294.00 1500 -10.22184
297 295.00 1500 -10.21905
298 296.00 1500 -10.21626
299 297.00 1500 -10.21360
300 298.00 1500 -10.21090
301 299.00 1500 -10.20833
302 300.00 1500 -10.20571
303 301.00 1500 -10.20322
304 302.00 1500 -10.20073
305 303.00 1500 -10.19824
306 304.00 1500 -10.19583
307 305.00 1500 -10.19346
308 306.00 1500 -10.19127
309 307.00 1500 -10.18898
310 308.00 1500 -10.18674
311 309.00 1500 -10.18449
312 310.00 1500 -10.18247
313 311.00 1500 -10.18030
314 312.00 1500 -10.17817
315 313.00 1500 -10.17613
316 314.00 1500 -10.17417
317 315.00 1500 -10.17221
318 316.00 1500 -10.17029
319 317.00 1500 -10.16836
320 318.00 1500 -10.16656
321 319.00 1500 -10.16480
322 320.00 1500 -10.16300
323 321.00 1500 -10.16132
324 322.00 1500 -10.15959
325 323.00 1500 -10.15795
326 324.00 1500 -10.15634
327 325.00 1500 -10.15487
328 326.00 1500 -10.15338
329 327.00 1500 -10.15185
330 328.00 1500 -10.15035
331 329.00 1500 -10.14902
332 330.00 1500 -10.14756
333 331.00 1500 -10.14622
334 332.00 1500 -10.14487
335 333.00 1500 -10.14370
336 334.00 1500 -10.14248
337 335.00 1500 -10.14125
338 336.00 1500 -10.14015
339 337.00 1500 -10.13909
340 338.00 1500 -10.13797
341 339.00 1500 -10.13698
342 340.00 1500 -10.13599
343 341.00 1500 -10.13503
344 342.00 1500 -10.13406
345 343.00 1500 -10.13328
346 344.00 1500 -10.13233
347 345.00 1500 -10.13142
348 346.00 1500 -10.13079
349 347.00 1500 -10.12996
350 348.00 1500 -10.12921
351 349.00 1500 -10.12864
352 350.00 1500 -10.12797
353 351.00 1500 -10.12738
354 352.00 1500 -10.12688
355 353.00 1500 -10.12636
356 354.00 1500 -10.12589
357 355.00 1500 -10.12549
358 356.00 1500 -10.12513
359 357.00 1500 -10.12472
360 358.00 1500 -10.12443
361 359.00 1500 -10.12408
362 360.00 1500 -10.12368
363 361.00 1500 -10.12350
364 362.00 1500 -10.12322
365 363.00 1500 -10.12307
366 364.00 1500 -10.12300
367 365.00 1500 -10.12282
368 366.00 1500 -10.12278
369 367.00 1500 -10.12282
370 368.00 1500 -10.12291
371 369.00 1500 -10.12292
372 370.00 1500 -10.12307
373 371.00 1500 -10.12326
374 372.00 1500 -10.12339
375 373.00 1500 -10.12375
376 374.00 1500 -10.12394
377 375.00 1500 -10.12412
378 376.00 1500 -10.12454
379 377.00 1500 -10.12474
380 378.00 1500 -10.12523
381 379.00 1500 -10.12556
382 380.00 1500 -10.12587
383 381.00 1500 -10.12647
384 382.00 1500 -10.12690
385 383.00 1500 -10.12753
386 384.00 1500 -10.12813
387 385.00 1500 -10.12872
388 386.00 1500 -10.12944
389 387.00 1500 -10.13010
390 388.00 1500 -10.13085
391 389.00 1500 -10.13163
392 390.00 1500 -10.13229
393 391.00 1500 -10.13325
394 392.00 1500 -10.13404
395 393.00 1500 -10.13508
396 394.00 1500 -10.13593
397 395.00 1500 -10.13689
398 396.00 1500 -10.13793
399 397.00 1500 -10.13901
400 398.00 1500 -10.14011
401 399.00 1500 -10.14111
402 400.00 1500 -10.14230
403 401.00 1500 -10.14356
404 402.00 1500 -10.14487
405 403.00 1500 -10.14621
406 404.00 1500 -10.14760
407 405.00 1500 -10.14880
408 406.00 1500 -10.15036
409 407.00 1500 -10.15163
410 408.00 1500 -10.15326
411 409.00 1500 -10.15461
412 410.00 1500 -10.15622
413 411.00 1500 -10.15774
414 412.00 1500 -10.15931
415 413.00 1500 -10.16091
416 414.00 1500 -10.16233
417 415.00 1500 -10.16411
418 416.00 1500 -10.16571
419 417.00 1500 -10.16758
420 418.00 1500 -10.16925
421 419.00 1500 -10.17129
422 420.00 1500 -10.17304
423 421.00 1500 -10.17515
424 422.00 1500 -10.17698
425 423.00 1500 -10.17916
426 424.00 1500 -10.18106
427 425.00 1500 -10.18333
428 426.00 1500 -10.18531
429 427.00 1500 -10.18744
430 428.00 1500 -10.18981
431 429.00 1500 -10.19190
432 430.00 1500 -10.19436
433 431.00 1500 -10.19653
434 432.00 1500 -10.19907
435 433.00 1500 -10.20119
436 434.00 1500 -10.20380
437 435.00 1500 -10.20598
438 436.00 1500 -10.20866
439 437.00 1500 -10.21092
440 438.00 1500 -10.21368
441 439.00 1500 -10.21614
442 440.00 1500 -10.21885
443 441.00 1500 -10.22139
444 442.00 1500 -10.22408
445 443.00 1500 -10.22681
446 444.00 1500 -10.22958
447 445.00 1500 -10.23238
448 446.00 1500 -10.23536
449 447.00 1500 -10.23811
450 448.00 1500 -10.24116
451 449.00 1500 -10.24424
452 450.00 1500 -10.24714
453 451.00 1500 -10.25041
454 452.00 1500 -10.25327
455 453.00 1500 -10.25663
456 454.00 1500 -10.25967
457 455.00 1500 -10.26310
458 456.00 1500 -10.26623
459 457.00 1500 -10.26974
460 458.00 1500 -10.27307
461 459.00 1500 -10.27628
462 460.00 1500 -10.27969
463 461.00 1500 -10.28298
464 462.00 1500 -10.28647
465 463.00 1500 -10.29024
466 464.00 1500 -10.29342
467 465.00 1500 -10.29726
468 466.00 1500 -10.30064
469 467.00 1500 -10.30457
470 468.00 1500 -10.30815
471 469.00 1500 -10.31204
472 470.00 1500 -10.31610
473 471.00 1500 -10.31969
474 472.00 1500 -10.32382
475 473.00 1500 -10.32751
476 474.00 1500 -10.33172
477 475.00 1500 -10.33548
478 476.00 1500 -10.33949
479 477.00 1500 -10.34372
480 478.00 1500 -10.34773
481 479.00 1500 -10.35175
482 480.00 1500 -10.35598
483 481.00 1500 -10.36025
484 482.00 1500 -10.36451
485 483.00 1500 -10.36862
486 484.00 1500 -10.37328
487 485.00 1500 -10.37731
488 486.00 1500 -10.38192
489 487.00 1500 -10.38646
490 488.00 1500 -10.39098
491 489.00 1500 -10.39572
492 490.00 1500 -10.40039
493 491.00 1500 -10.40534
494 492.00 1500 -10.40967
495 493.00 1500 -10.41472
496 494.00 1500 -10.41968
497 495.00 1500 -10.42427
498 496.00 1500 -10.42946
499 497.00 1500 -10.43442
500 498.00 1500 -10.43941
501 499.00 1500 -10.44461
502 500.00 1500 -10.44983

