$reaction
     coeff    name formula state ispecies
63      -4      H2      H2    aq       63
1578    -1     CO2     CO2    aq     1578
926      1 methane     CH4    aq      926
1        2   water     H2O   liq        1

$out
         T    P      logK
1     0.01 1500 39.090765
2     1.00 1500 38.947680
3     2.00 1500 38.803210
4     3.00 1500 38.658843
5     4.00 1500 38.514617
6     5.00 1500 38.370570
7     6.00 1500 38.226733
8     7.00 1500 38.083135
9     8.00 1500 37.939805
10    9.00 1500 37.796767
11   10.00 1500 37.654043
12   11.00 1500 37.511655
13   12.00 1500 37.369620
14   13.00 1500 37.227956
15   14.00 1500 37.086678
16   15.00 1500 36.945802
17   16.00 1500 36.805339
18   17.00 1500 36.665303
19   18.00 1500 36.525703
20   19.00 1500 36.386549
21   20.00 1500 36.247850
22   21.00 1500 36.109615
23   22.00 1500 35.971850
24   23.00 1500 35.834562
25   24.00 1500 35.697758
26   25.00 1500 35.561441
27   26.00 1500 35.425618
28   27.00 1500 35.290291
29   28.00 1500 35.155465
30   29.00 1500 35.021144
31   30.00 1500 34.887329
32   31.00 1500 34.754023
33   32.00 1500 34.621229
34   33.00 1500 34.488948
35   34.00 1500 34.357181
36   35.00 1500 34.225929
37   36.00 1500 34.095194
38   37.00 1500 33.964976
39   38.00 1500 33.835275
40   39.00 1500 33.706092
41   40.00 1500 33.577426
42   41.00 1500 33.449277
43   42.00 1500 33.321644
44   43.00 1500 33.194528
45   44.00 1500 33.067927
46   45.00 1500 32.941841
47   46.00 1500 32.816268
48   47.00 1500 32.691207
49   48.00 1500 32.566657
50   49.00 1500 32.442616
51   50.00 1500 32.319084
52   51.00 1500 32.196058
53   52.00 1500 32.073537
54   53.00 1500 31.951519
55   54.00 1500 31.830003
56   55.00 1500 31.708986
57   56.00 1500 31.588467
58   57.00 1500 31.468443
59   58.00 1500 31.348913
60   59.00 1500 31.229875
61   60.00 1500 31.111325
62   61.00 1500 30.993263
63   62.00 1500 30.875686
64   63.00 1500 30.758591
65   64.00 1500 30.641977
66   65.00 1500 30.525841
67   66.00 1500 30.410181
68   67.00 1500 30.294994
69   68.00 1500 30.180278
70   69.00 1500 30.066031
71   70.00 1500 29.952250
72   71.00 1500 29.838933
73   72.00 1500 29.726077
74   73.00 1500 29.613680
75   74.00 1500 29.501740
76   75.00 1500 29.390253
77   76.00 1500 29.279218
78   77.00 1500 29.168633
79   78.00 1500 29.058493
80   79.00 1500 28.948798
81   80.00 1500 28.839544
82   81.00 1500 28.730729
83   82.00 1500 28.622351
84   83.00 1500 28.514406
85   84.00 1500 28.406894
86   85.00 1500 28.299810
87   86.00 1500 28.193153
88   87.00 1500 28.086921
89   88.00 1500 27.981110
90   89.00 1500 27.875718
91   90.00 1500 27.770743
92   91.00 1500 27.666182
93   92.00 1500 27.562033
94   93.00 1500 27.458293
95   94.00 1500 27.354961
96   95.00 1500 27.252033
97   96.00 1500 27.149507
98   97.00 1500 27.047381
99   98.00 1500 26.945652
100  99.00 1500 26.844318
101 100.00 1500 26.718334
102 101.00 1500 26.618316
103 102.00 1500 26.518535
104 103.00 1500 26.419134
105 104.00 1500 26.320110
106 105.00 1500 26.221460
107 106.00 1500 26.123184
108 107.00 1500 26.025326
109 108.00 1500 25.927836
110 109.00 1500 25.830711
111 110.00 1500 25.733902
112 111.00 1500 25.637548
113 112.00 1500 25.541461
114 113.00 1500 25.445728
115 114.00 1500 25.350352
116 115.00 1500 25.255329
117 116.00 1500 25.160753
118 117.00 1500 25.066479
119 118.00 1500 24.972503
120 119.00 1500 24.878873
121 120.00 1500 24.785586
122 121.00 1500 24.692640
123 122.00 1500 24.600034
124 123.00 1500 24.507810
125 124.00 1500 24.415874
126 125.00 1500 24.324271
127 126.00 1500 24.232999
128 127.00 1500 24.142149
129 128.00 1500 24.051532
130 129.00 1500 23.961286
131 130.00 1500 23.871318
132 131.00 1500 23.781672
133 132.00 1500 23.692345
134 133.00 1500 23.603382
135 134.00 1500 23.514690
136 135.00 1500 23.426311
137 136.00 1500 23.338244
138 137.00 1500 23.250488
139 138.00 1500 23.163038
140 139.00 1500 23.075896
141 140.00 1500 22.989011
142 141.00 1500 22.902476
143 142.00 1500 22.816288
144 143.00 1500 22.730353
145 144.00 1500 22.644718
146 145.00 1500 22.559424
147 146.00 1500 22.474471
148 147.00 1500 22.389719
149 148.00 1500 22.305258
150 149.00 1500 22.221087
151 150.00 1500 22.137203
152 151.00 1500 22.053559
153 152.00 1500 21.970245
154 153.00 1500 21.887167
155 154.00 1500 21.804370
156 155.00 1500 21.721899
157 156.00 1500 21.639705
158 157.00 1500 21.557880
159 158.00 1500 21.476238
160 159.00 1500 21.394869
161 160.00 1500 21.313772
162 161.00 1500 21.232992
163 162.00 1500 21.152434
164 163.00 1500 21.072144
165 164.00 1500 20.992073
166 165.00 1500 20.912264
167 166.00 1500 20.832719
168 167.00 1500 20.753436
169 168.00 1500 20.674456
170 169.00 1500 20.595735
171 170.00 1500 20.517271
172 171.00 1500 20.439108
173 172.00 1500 20.361153
174 173.00 1500 20.283451
175 174.00 1500 20.206000
176 175.00 1500 20.128889
177 176.00 1500 20.051891
178 177.00 1500 19.975093
179 178.00 1500 19.898586
180 179.00 1500 19.822323
181 180.00 1500 19.746303
182 181.00 1500 19.670569
183 182.00 1500 19.595076
184 183.00 1500 19.519911
185 184.00 1500 19.444893
186 185.00 1500 19.370158
187 186.00 1500 19.295612
188 187.00 1500 19.221300
189 188.00 1500 19.147129
190 189.00 1500 19.073189
191 190.00 1500 18.999480
192 191.00 1500 18.926043
193 192.00 1500 18.852879
194 193.00 1500 18.779941
195 194.00 1500 18.707227
196 195.00 1500 18.634736
197 196.00 1500 18.562469
198 197.00 1500 18.490511
199 198.00 1500 18.418684
200 199.00 1500 18.346985
201 200.00 1500 18.275548
202 201.00 1500 18.204284
203 202.00 1500 18.133372
204 203.00 1500 18.062538
205 204.00 1500 17.991960
206 205.00 1500 17.921640
207 206.00 1500 17.851529
208 207.00 1500 17.781628
209 208.00 1500 17.711935
210 209.00 1500 17.642451
211 210.00 1500 17.573081
212 211.00 1500 17.504097
213 212.00 1500 17.435137
214 213.00 1500 17.366469
215 214.00 1500 17.297915
216 215.00 1500 17.229562
217 216.00 1500 17.161452
218 217.00 1500 17.093586
219 218.00 1500 17.025917
220 219.00 1500 16.958444
221 220.00 1500 16.891209
222 221.00 1500 16.824128
223 222.00 1500 16.757148
224 223.00 1500 16.690362
225 224.00 1500 16.623767
226 225.00 1500 16.557364
227 226.00 1500 16.491193
228 227.00 1500 16.425170
229 228.00 1500 16.359509
230 229.00 1500 16.293945
231 230.00 1500 16.228567
232 231.00 1500 16.163462
233 232.00 1500 16.098361
234 233.00 1500 16.033443
235 234.00 1500 15.968708
236 235.00 1500 15.904333
237 236.00 1500 15.839959
238 237.00 1500 15.775764
239 238.00 1500 15.711749
240 239.00 1500 15.647997
241 240.00 1500 15.584421
242 241.00 1500 15.520929
243 242.00 1500 15.457612
244 243.00 1500 15.394645
245 244.00 1500 15.331675
246 245.00 1500 15.268877
247 246.00 1500 15.206341
248 247.00 1500 15.143884
249 248.00 1500 15.081597
250 249.00 1500 15.019479
251 250.00 1500 14.957615
252 251.00 1500 14.896006
253 252.00 1500 14.834563
254 253.00 1500 14.773105
255 254.00 1500 14.711811
256 255.00 1500 14.650681
257 256.00 1500 14.589713
258 257.00 1500 14.528907
259 258.00 1500 14.468442
260 259.00 1500 14.407958
261 260.00 1500 14.347627
262 261.00 1500 14.287369
263 262.00 1500 14.227356
264 263.00 1500 14.167591
265 264.00 1500 14.108068
266 265.00 1500 14.048522
267 266.00 1500 13.989131
268 267.00 1500 13.929895
269 268.00 1500 13.870902
270 269.00 1500 13.811973
271 270.00 1500 13.753193
272 271.00 1500 13.694740
273 272.00 1500 13.636256
274 273.00 1500 13.578103
275 274.00 1500 13.519916
276 275.00 1500 13.461878
277 276.00 1500 13.403986
278 277.00 1500 13.346330
279 278.00 1500 13.288817
280 279.00 1500 13.231270
281 280.00 1500 13.173960
282 281.00 1500 13.116701
283 282.00 1500 13.059585
284 283.00 1500 13.002697
285 284.00 1500 12.946222
286 285.00 1500 12.889617
287 286.00 1500 12.833153
288 287.00 1500 12.776826
289 288.00 1500 12.720731
290 289.00 1500 12.664859
291 290.00 1500 12.608946
292 291.00 1500 12.553077
293 292.00 1500 12.497432
294 293.00 1500 12.442105
295 294.00 1500 12.386817
296 295.00 1500 12.331575
297 296.00 1500 12.276370
298 297.00 1500 12.221481
299 298.00 1500 12.166542
300 299.00 1500 12.111916
301 300.00 1500 12.057239
302 301.00 1500 12.002874
303 302.00 1500 11.948550
304 303.00 1500 11.894261
305 304.00 1500 11.840189
306 305.00 1500 11.786244
307 306.00 1500 11.732699
308 307.00 1500 11.679006
309 308.00 1500 11.625438
310 309.00 1500 11.571900
311 310.00 1500 11.518854
312 311.00 1500 11.465565
313 312.00 1500 11.412390
314 313.00 1500 11.359435
315 314.00 1500 11.306691
316 315.00 1500 11.253971
317 316.00 1500 11.201380
318 317.00 1500 11.148813
319 318.00 1500 11.096550
320 319.00 1500 11.044406
321 320.00 1500 10.992195
322 321.00 1500 10.940287
323 322.00 1500 10.888310
324 323.00 1500 10.836548
325 324.00 1500 10.784893
326 325.00 1500 10.733537
327 326.00 1500 10.682208
328 327.00 1500 10.630801
329 328.00 1500 10.579508
330 329.00 1500 10.528603
331 330.00 1500 10.477437
332 331.00 1500 10.426572
333 332.00 1500 10.375721
334 333.00 1500 10.325260
335 334.00 1500 10.274727
336 335.00 1500 10.224207
337 336.00 1500 10.173984
338 337.00 1500 10.123870
339 338.00 1500 10.073676
340 339.00 1500 10.023776
341 340.00 1500  9.973894
342 341.00 1500  9.924112
343 342.00 1500  9.874345
344 343.00 1500  9.824967
345 344.00 1500  9.775301
346 345.00 1500  9.725741
347 346.00 1500  9.676763
348 347.00 1500  9.627410
349 348.00 1500  9.578262
350 349.00 1500  9.529492
351 350.00 1500  9.480538
352 351.00 1500  9.431784
353 352.00 1500  9.383224
354 353.00 1500  9.334666
355 354.00 1500  9.286212
356 355.00 1500  9.237951
357 356.00 1500  9.189790
358 357.00 1500  9.141535
359 358.00 1500  9.093568
360 359.00 1500  9.045493
361 360.00 1500  8.997324
362 361.00 1500  8.949649
363 362.00 1500  8.901770
364 363.00 1500  8.854188
365 364.00 1500  8.806781
366 365.00 1500  8.759183
367 366.00 1500  8.711883
368 367.00 1500  8.664758
369 368.00 1500  8.617734
370 369.00 1500  8.570603
371 370.00 1500  8.523754
372 371.00 1500  8.477007
373 372.00 1500  8.430150
374 373.00 1500  8.383774
375 374.00 1500  8.337097
376 375.00 1500  8.290395
377 376.00 1500  8.244190
378 377.00 1500  8.197569
379 378.00 1500  8.151545
380 379.00 1500  8.105193
381 380.00 1500  8.058839
382 381.00 1500  8.013076
383 382.00 1500  7.966986
384 383.00 1500  7.921292
385 384.00 1500  7.875568
386 385.00 1500  7.829833
387 386.00 1500  7.784366
388 387.00 1500  7.738798
389 388.00 1500  7.693400
390 389.00 1500  7.648098
391 390.00 1500  7.602561
392 391.00 1500  7.557632
393 392.00 1500  7.512356
394 393.00 1500  7.467588
395 394.00 1500  7.422477
396 395.00 1500  7.377567
397 396.00 1500  7.332823
398 397.00 1500  7.288166
399 398.00 1500  7.243585
400 399.00 1500  7.198776
401 400.00 1500  7.154357
402 401.00 1500  7.110103
403 402.00 1500  7.065935
404 403.00 1500  7.021836
405 404.00 1500  6.977820
406 405.00 1500  6.933444
407 406.00 1500  6.889783
408 407.00 1500  6.845560
409 408.00 1500  6.802050
410 409.00 1500  6.757973
411 410.00 1500  6.714410
412 411.00 1500  6.670684
413 412.00 1500  6.627027
414 413.00 1500  6.583449
415 414.00 1500  6.539506
416 415.00 1500  6.496308
417 416.00 1500  6.452710
418 417.00 1500  6.409650
419 418.00 1500  6.366197
420 419.00 1500  6.323477
421 420.00 1500  6.280160
422 421.00 1500  6.237579
423 422.00 1500  6.194403
424 423.00 1500  6.151960
425 424.00 1500  6.108922
426 425.00 1500  6.066610
427 426.00 1500  6.023709
428 427.00 1500  5.981106
429 428.00 1500  5.938997
430 429.00 1500  5.896297
431 430.00 1500  5.854314
432 431.00 1500  5.811746
433 432.00 1500  5.769894
434 433.00 1500  5.727214
435 434.00 1500  5.685490
436 435.00 1500  5.642882
437 436.00 1500  5.601286
438 437.00 1500  5.558807
439 438.00 1500  5.517336
440 439.00 1500  5.475240
441 440.00 1500  5.433638
442 441.00 1500  5.391667
443 442.00 1500  5.349967
444 443.00 1500  5.308334
445 444.00 1500  5.266757
446 445.00 1500  5.225245
447 446.00 1500  5.184041
448 447.00 1500  5.142395
449 448.00 1500  5.101310
450 449.00 1500  5.060238
451 450.00 1500  5.018807
452 451.00 1500  4.978109
453 452.00 1500  4.936542
454 453.00 1500  4.895952
455 454.00 1500  4.854710
456 455.00 1500  4.814237
457 456.00 1500  4.773101
458 457.00 1500  4.732739
459 458.00 1500  4.691970
460 459.00 1500  4.650911
461 460.00 1500  4.610252
462 461.00 1500  4.569302
463 462.00 1500  4.528751
464 463.00 1500  4.488703
465 464.00 1500  4.447464
466 465.00 1500  4.407527
467 466.00 1500  4.366614
468 467.00 1500  4.326772
469 468.00 1500  4.286195
470 469.00 1500  4.246228
471 470.00 1500  4.206539
472 471.00 1500  4.165879
473 472.00 1500  4.126295
474 473.00 1500  4.085735
475 474.00 1500  4.046248
476 475.00 1500  4.005794
477 476.00 1500  3.965782
478 477.00 1500  3.926211
479 478.00 1500  3.886127
480 479.00 1500  3.846031
481 480.00 1500  3.806324
482 481.00 1500  3.766664
483 482.00 1500  3.726939
484 483.00 1500  3.686871
485 484.00 1500  3.647843
486 485.00 1500  3.607534
487 486.00 1500  3.568328
488 487.00 1500  3.528938
489 488.00 1500  3.489487
490 489.00 1500  3.450413
491 490.00 1500  3.411155
492 491.00 1500  3.372443
493 492.00 1500  3.332397
494 493.00 1500  3.293767
495 494.00 1500  3.254902
496 495.00 1500  3.215263
497 496.00 1500  3.176748
498 497.00 1500  3.137761
499 498.00 1500  3.098727
500 499.00 1500  3.060087
501 500.00 1500  3.021471

