$reaction
   coeff  name formula state ispecies
63    -2    H2      H2    aq       63
64    -1    O2      O2    aq       64
1      2 water     H2O   liq        1

$out
         T    P      logK
1     0.01 1500 102.07621
2     1.00 1500 101.70897
3     2.00 1500 101.33988
4     3.00 1500 100.97267
5     4.00 1500 100.60737
6     5.00 1500 100.24397
7     6.00 1500  99.88248
8     7.00 1500  99.52293
9     8.00 1500  99.16529
10    9.00 1500  98.80959
11   10.00 1500  98.45582
12   11.00 1500  98.10398
13   12.00 1500  97.75407
14   13.00 1500  97.40608
15   14.00 1500  97.06002
16   15.00 1500  96.71588
17   16.00 1500  96.37365
18   17.00 1500  96.03332
19   18.00 1500  95.69490
20   19.00 1500  95.35837
21   20.00 1500  95.02372
22   21.00 1500  94.69094
23   22.00 1500  94.36004
24   23.00 1500  94.03099
25   24.00 1500  93.70379
26   25.00 1500  93.37842
27   26.00 1500  93.05488
28   27.00 1500  92.73316
29   28.00 1500  92.41324
30   29.00 1500  92.09512
31   30.00 1500  91.77878
32   31.00 1500  91.46422
33   32.00 1500  91.15141
34   33.00 1500  90.84036
35   34.00 1500  90.53104
36   35.00 1500  90.22344
37   36.00 1500  89.91756
38   37.00 1500  89.61338
39   38.00 1500  89.31089
40   39.00 1500  89.01008
41   40.00 1500  88.71094
42   41.00 1500  88.41345
43   42.00 1500  88.11760
44   43.00 1500  87.82338
45   44.00 1500  87.53078
46   45.00 1500  87.23978
47   46.00 1500  86.95038
48   47.00 1500  86.66257
49   48.00 1500  86.37632
50   49.00 1500  86.09163
51   50.00 1500  85.80849
52   51.00 1500  85.52688
53   52.00 1500  85.24680
54   53.00 1500  84.96823
55   54.00 1500  84.69116
56   55.00 1500  84.41558
57   56.00 1500  84.14148
58   57.00 1500  83.86884
59   58.00 1500  83.59766
60   59.00 1500  83.32792
61   60.00 1500  83.05962
62   61.00 1500  82.79274
63   62.00 1500  82.52726
64   63.00 1500  82.26319
65   64.00 1500  82.00051
66   65.00 1500  81.73921
67   66.00 1500  81.47928
68   67.00 1500  81.22070
69   68.00 1500  80.96347
70   69.00 1500  80.70758
71   70.00 1500  80.45301
72   71.00 1500  80.19976
73   72.00 1500  79.94782
74   73.00 1500  79.69717
75   74.00 1500  79.44781
76   75.00 1500  79.19973
77   76.00 1500  78.95291
78   77.00 1500  78.70735
79   78.00 1500  78.46303
80   79.00 1500  78.21996
81   80.00 1500  77.97811
82   81.00 1500  77.73748
83   82.00 1500  77.49806
84   83.00 1500  77.25984
85   84.00 1500  77.02281
86   85.00 1500  76.78697
87   86.00 1500  76.55230
88   87.00 1500  76.31879
89   88.00 1500  76.08644
90   89.00 1500  75.85523
91   90.00 1500  75.62516
92   91.00 1500  75.39622
93   92.00 1500  75.16841
94   93.00 1500  74.94170
95   94.00 1500  74.71611
96   95.00 1500  74.49160
97   96.00 1500  74.26819
98   97.00 1500  74.04585
99   98.00 1500  73.82459
100  99.00 1500  73.60439
101 100.00 1500  73.35701
102 101.00 1500  73.13945
103 102.00 1500  72.92278
104 103.00 1500  72.70714
105 104.00 1500  72.49252
106 105.00 1500  72.27892
107 106.00 1500  72.06631
108 107.00 1500  71.85476
109 108.00 1500  71.64419
110 109.00 1500  71.43461
111 110.00 1500  71.22596
112 111.00 1500  71.01837
113 112.00 1500  70.81164
114 113.00 1500  70.60587
115 114.00 1500  70.40105
116 115.00 1500  70.19717
117 116.00 1500  69.99433
118 117.00 1500  69.79236
119 118.00 1500  69.59126
120 119.00 1500  69.39109
121 120.00 1500  69.19182
122 121.00 1500  68.99345
123 122.00 1500  68.79598
124 123.00 1500  68.59944
125 124.00 1500  68.40374
126 125.00 1500  68.20892
127 126.00 1500  68.01496
128 127.00 1500  67.82197
129 128.00 1500  67.62974
130 129.00 1500  67.43841
131 130.00 1500  67.24787
132 131.00 1500  67.05818
133 132.00 1500  66.86933
134 133.00 1500  66.68135
135 134.00 1500  66.49415
136 135.00 1500  66.30776
137 136.00 1500  66.12219
138 137.00 1500  65.93742
139 138.00 1500  65.75346
140 139.00 1500  65.57029
141 140.00 1500  65.38786
142 141.00 1500  65.20626
143 142.00 1500  65.02549
144 143.00 1500  64.84545
145 144.00 1500  64.66617
146 145.00 1500  64.48771
147 146.00 1500  64.31005
148 147.00 1500  64.13305
149 148.00 1500  63.95680
150 149.00 1500  63.78130
151 150.00 1500  63.60653
152 151.00 1500  63.43245
153 152.00 1500  63.25914
154 153.00 1500  63.08652
155 154.00 1500  62.91461
156 155.00 1500  62.74345
157 156.00 1500  62.57301
158 157.00 1500  62.40337
159 158.00 1500  62.23433
160 159.00 1500  62.06599
161 160.00 1500  61.89834
162 161.00 1500  61.73143
163 162.00 1500  61.56515
164 163.00 1500  61.39955
165 164.00 1500  61.23457
166 165.00 1500  61.07026
167 166.00 1500  60.90662
168 167.00 1500  60.74364
169 168.00 1500  60.58136
170 169.00 1500  60.41973
171 170.00 1500  60.25875
172 171.00 1500  60.09845
173 172.00 1500  59.93876
174 173.00 1500  59.77969
175 174.00 1500  59.62126
176 175.00 1500  59.46355
177 176.00 1500  59.30632
178 177.00 1500  59.14966
179 178.00 1500  58.99367
180 179.00 1500  58.83829
181 180.00 1500  58.68351
182 181.00 1500  58.52939
183 182.00 1500  58.37586
184 183.00 1500  58.22302
185 184.00 1500  58.07068
186 185.00 1500  57.91898
187 186.00 1500  57.76782
188 187.00 1500  57.61724
189 188.00 1500  57.46714
190 189.00 1500  57.31762
191 190.00 1500  57.16868
192 191.00 1500  57.02034
193 192.00 1500  56.87261
194 193.00 1500  56.72544
195 194.00 1500  56.57883
196 195.00 1500  56.43277
197 196.00 1500  56.28727
198 197.00 1500  56.14239
199 198.00 1500  55.99798
200 199.00 1500  55.85401
201 200.00 1500  55.71062
202 201.00 1500  55.56772
203 202.00 1500  55.42549
204 203.00 1500  55.28365
205 204.00 1500  55.14238
206 205.00 1500  55.00168
207 206.00 1500  54.86149
208 207.00 1500  54.72181
209 208.00 1500  54.58265
210 209.00 1500  54.44400
211 210.00 1500  54.30576
212 211.00 1500  54.16820
213 212.00 1500  54.03097
214 213.00 1500  53.89432
215 214.00 1500  53.75807
216 215.00 1500  53.62232
217 216.00 1500  53.48709
218 217.00 1500  53.35240
219 218.00 1500  53.21819
220 219.00 1500  53.08446
221 220.00 1500  52.95124
222 221.00 1500  52.81846
223 222.00 1500  52.68606
224 223.00 1500  52.55412
225 224.00 1500  52.42266
226 225.00 1500  52.29165
227 226.00 1500  52.16115
228 227.00 1500  52.03107
229 228.00 1500  51.90161
230 229.00 1500  51.77252
231 230.00 1500  51.64388
232 231.00 1500  51.51577
233 232.00 1500  51.38792
234 233.00 1500  51.26052
235 234.00 1500  51.13356
236 235.00 1500  51.00722
237 236.00 1500  50.88113
238 237.00 1500  50.75547
239 238.00 1500  50.63025
240 239.00 1500  50.50553
241 240.00 1500  50.38124
242 241.00 1500  50.25729
243 242.00 1500  50.13375
244 243.00 1500  50.01080
245 244.00 1500  49.88810
246 245.00 1500  49.76581
247 246.00 1500  49.64402
248 247.00 1500  49.52255
249 248.00 1500  49.40148
250 249.00 1500  49.28082
251 250.00 1500  49.16064
252 251.00 1500  49.04096
253 252.00 1500  48.92167
254 253.00 1500  48.80259
255 254.00 1500  48.68391
256 255.00 1500  48.56562
257 256.00 1500  48.44771
258 257.00 1500  48.33019
259 258.00 1500  48.21324
260 259.00 1500  48.09649
261 260.00 1500  47.98011
262 261.00 1500  47.86402
263 262.00 1500  47.74840
264 263.00 1500  47.63324
265 264.00 1500  47.51854
266 265.00 1500  47.40403
267 266.00 1500  47.28989
268 267.00 1500  47.17612
269 268.00 1500  47.06280
270 269.00 1500  46.94975
271 270.00 1500  46.83706
272 271.00 1500  46.72490
273 272.00 1500  46.61292
274 273.00 1500  46.50147
275 274.00 1500  46.39019
276 275.00 1500  46.27926
277 276.00 1500  46.16868
278 277.00 1500  46.05854
279 278.00 1500  45.94874
280 279.00 1500  45.83910
281 280.00 1500  45.72989
282 281.00 1500  45.62094
283 282.00 1500  45.51231
284 283.00 1500  45.40411
285 284.00 1500  45.29652
286 285.00 1500  45.18898
287 286.00 1500  45.08178
288 287.00 1500  44.97490
289 288.00 1500  44.86845
290 289.00 1500  44.76240
291 290.00 1500  44.65650
292 291.00 1500  44.55082
293 292.00 1500  44.44555
294 293.00 1500  44.34079
295 294.00 1500  44.23624
296 295.00 1500  44.13193
297 296.00 1500  44.02782
298 297.00 1500  43.92422
299 298.00 1500  43.82074
300 299.00 1500  43.71775
301 300.00 1500  43.61488
302 301.00 1500  43.51250
303 302.00 1500  43.41034
304 303.00 1500  43.30839
305 304.00 1500  43.20682
306 305.00 1500  43.10555
307 306.00 1500  43.00485
308 307.00 1500  42.90418
309 308.00 1500  42.80379
310 309.00 1500  42.70360
311 310.00 1500  42.60408
312 311.00 1500  42.50447
313 312.00 1500  42.40514
314 313.00 1500  42.30620
315 314.00 1500  42.20763
316 315.00 1500  42.10925
317 316.00 1500  42.01115
318 317.00 1500  41.91324
319 318.00 1500  41.81580
320 319.00 1500  41.71863
321 320.00 1500  41.62155
322 321.00 1500  41.52494
323 322.00 1500  41.42840
324 323.00 1500  41.33224
325 324.00 1500  41.23634
326 325.00 1500  41.14090
327 326.00 1500  41.04563
328 327.00 1500  40.95044
329 328.00 1500  40.85551
330 329.00 1500  40.76112
331 330.00 1500  40.66662
332 331.00 1500  40.57257
333 332.00 1500  40.47868
334 333.00 1500  40.38533
335 334.00 1500  40.29205
336 335.00 1500  40.19893
337 336.00 1500  40.10625
338 337.00 1500  40.01383
339 338.00 1500  39.92147
340 339.00 1500  39.82955
341 340.00 1500  39.73778
342 341.00 1500  39.64626
343 342.00 1500  39.55489
344 343.00 1500  39.46405
345 344.00 1500  39.37306
346 345.00 1500  39.28232
347 346.00 1500  39.19230
348 347.00 1500  39.10203
349 348.00 1500  39.01211
350 349.00 1500  38.92271
351 350.00 1500  38.83325
352 351.00 1500  38.74412
353 352.00 1500  38.65533
354 353.00 1500  38.56667
355 354.00 1500  38.47824
356 355.00 1500  38.39014
357 356.00 1500  38.30227
358 357.00 1500  38.21444
359 358.00 1500  38.12702
360 359.00 1500  38.03962
361 360.00 1500  37.95226
362 361.00 1500  37.86552
363 362.00 1500  37.77870
364 363.00 1500  37.69230
365 364.00 1500  37.60621
366 365.00 1500  37.52005
367 366.00 1500  37.43431
368 367.00 1500  37.34886
369 368.00 1500  37.26365
370 369.00 1500  37.17844
371 370.00 1500  37.09365
372 371.00 1500  37.00907
373 372.00 1500  36.92450
374 373.00 1500  36.84054
375 374.00 1500  36.75639
376 375.00 1500  36.67234
377 376.00 1500  36.58890
378 377.00 1500  36.50517
379 378.00 1500  36.42214
380 379.00 1500  36.33891
381 380.00 1500  36.25579
382 381.00 1500  36.17337
383 382.00 1500  36.09074
384 383.00 1500  36.00863
385 384.00 1500  35.92659
386 385.00 1500  35.84466
387 386.00 1500  35.76311
388 387.00 1500  35.68156
389 388.00 1500  35.60030
390 389.00 1500  35.51925
391 390.00 1500  35.43807
392 391.00 1500  35.35761
393 392.00 1500  35.27690
394 393.00 1500  35.19682
395 394.00 1500  35.11650
396 395.00 1500  35.03649
397 396.00 1500  34.95675
398 397.00 1500  34.87720
399 398.00 1500  34.79784
400 399.00 1500  34.71835
401 400.00 1500  34.63936
402 401.00 1500  34.56064
403 402.00 1500  34.48210
404 403.00 1500  34.40374
405 404.00 1500  34.32557
406 405.00 1500  34.24713
407 406.00 1500  34.16951
408 407.00 1500  34.09144
409 408.00 1500  34.01417
410 409.00 1500  33.93644
411 410.00 1500  33.85932
412 411.00 1500  33.78214
413 412.00 1500  33.70512
414 413.00 1500  33.62828
415 414.00 1500  33.55118
416 415.00 1500  33.47491
417 416.00 1500  33.39835
418 417.00 1500  33.32241
419 418.00 1500  33.24618
420 419.00 1500  33.17078
421 420.00 1500  33.09488
422 421.00 1500  33.01980
423 422.00 1500  32.94423
424 423.00 1500  32.86948
425 424.00 1500  32.79423
426 425.00 1500  32.71979
427 426.00 1500  32.64486
428 427.00 1500  32.57032
429 428.00 1500  32.49637
430 429.00 1500  32.42191
431 430.00 1500  32.34826
432 431.00 1500  32.27412
433 432.00 1500  32.20078
434 433.00 1500  32.12670
435 434.00 1500  32.05367
436 435.00 1500  31.97984
437 436.00 1500  31.90711
438 437.00 1500  31.83358
439 438.00 1500  31.76115
440 439.00 1500  31.68818
441 440.00 1500  31.61579
442 441.00 1500  31.54312
443 442.00 1500  31.47080
444 443.00 1500  31.39863
445 444.00 1500  31.32660
446 445.00 1500  31.25473
447 446.00 1500  31.18324
448 447.00 1500  31.11139
449 448.00 1500  31.04019
450 449.00 1500  30.96908
451 450.00 1500  30.89770
452 451.00 1500  30.82713
453 452.00 1500  30.75577
454 453.00 1500  30.68547
455 454.00 1500  30.61460
456 455.00 1500  30.54457
457 456.00 1500  30.47396
458 457.00 1500  30.40421
459 458.00 1500  30.33413
460 459.00 1500  30.26383
461 460.00 1500  30.19401
462 461.00 1500  30.12398
463 462.00 1500  30.05443
464 463.00 1500  29.98545
465 464.00 1500  29.91536
466 465.00 1500  29.84665
467 466.00 1500  29.77704
468 467.00 1500  29.70857
469 468.00 1500  29.63944
470 469.00 1500  29.57100
471 470.00 1500  29.50291
472 471.00 1500  29.43392
473 472.00 1500  29.36608
474 473.00 1500  29.29734
475 474.00 1500  29.22975
476 475.00 1500  29.16125
477 476.00 1500  29.09328
478 477.00 1500  29.02581
479 478.00 1500  28.95790
480 479.00 1500  28.89006
481 480.00 1500  28.82267
482 481.00 1500  28.75540
483 482.00 1500  28.68813
484 483.00 1500  28.62059
485 484.00 1500  28.55416
486 485.00 1500  28.48652
487 486.00 1500  28.42005
488 487.00 1500  28.35346
489 488.00 1500  28.28688
490 489.00 1500  28.22074
491 490.00 1500  28.15449
492 491.00 1500  28.08885
493 492.00 1500  28.02194
494 493.00 1500  27.95652
495 494.00 1500  27.89092
496 495.00 1500  27.82462
497 496.00 1500  27.75950
498 497.00 1500  27.69398
499 498.00 1500  27.62847
500 499.00 1500  27.56343
501 500.00 1500  27.49847

