$reaction
     coeff   name formula state ispecies
64      -1     O2      O2    aq       64
3178     1 oxygen      O2   gas     3178

$out
         T    P     logK
1     0.01 1500 3.445184
2     1.00 1500 3.458265
3     2.00 1500 3.471037
4     3.00 1500 3.483383
5     4.00 1500 3.495323
6     5.00 1500 3.506872
7     6.00 1500 3.518047
8     7.00 1500 3.528861
9     8.00 1500 3.539330
10    9.00 1500 3.549465
11   10.00 1500 3.559278
12   11.00 1500 3.568782
13   12.00 1500 3.577986
14   13.00 1500 3.586902
15   14.00 1500 3.595538
16   15.00 1500 3.603903
17   16.00 1500 3.612006
18   17.00 1500 3.619856
19   18.00 1500 3.627460
20   19.00 1500 3.634825
21   20.00 1500 3.641958
22   21.00 1500 3.648866
23   22.00 1500 3.655556
24   23.00 1500 3.662032
25   24.00 1500 3.668302
26   25.00 1500 3.674371
27   26.00 1500 3.680243
28   27.00 1500 3.685925
29   28.00 1500 3.691420
30   29.00 1500 3.696734
31   30.00 1500 3.701871
32   31.00 1500 3.706835
33   32.00 1500 3.711631
34   33.00 1500 3.716262
35   34.00 1500 3.720732
36   35.00 1500 3.725045
37   36.00 1500 3.729204
38   37.00 1500 3.733213
39   38.00 1500 3.737076
40   39.00 1500 3.740794
41   40.00 1500 3.744372
42   41.00 1500 3.747812
43   42.00 1500 3.751118
44   43.00 1500 3.754291
45   44.00 1500 3.757335
46   45.00 1500 3.760253
47   46.00 1500 3.763046
48   47.00 1500 3.765717
49   48.00 1500 3.768269
50   49.00 1500 3.770704
51   50.00 1500 3.773024
52   51.00 1500 3.775232
53   52.00 1500 3.777329
54   53.00 1500 3.779317
55   54.00 1500 3.781199
56   55.00 1500 3.782976
57   56.00 1500 3.784650
58   57.00 1500 3.786224
59   58.00 1500 3.787698
60   59.00 1500 3.789075
61   60.00 1500 3.790356
62   61.00 1500 3.791544
63   62.00 1500 3.792639
64   63.00 1500 3.793643
65   64.00 1500 3.794557
66   65.00 1500 3.795384
67   66.00 1500 3.796124
68   67.00 1500 3.796780
69   68.00 1500 3.797352
70   69.00 1500 3.797841
71   70.00 1500 3.798250
72   71.00 1500 3.798579
73   72.00 1500 3.798829
74   73.00 1500 3.799003
75   74.00 1500 3.799100
76   75.00 1500 3.799123
77   76.00 1500 3.799072
78   77.00 1500 3.798949
79   78.00 1500 3.798754
80   79.00 1500 3.798489
81   80.00 1500 3.798155
82   81.00 1500 3.797753
83   82.00 1500 3.797283
84   83.00 1500 3.796747
85   84.00 1500 3.796146
86   85.00 1500 3.795481
87   86.00 1500 3.794753
88   87.00 1500 3.793962
89   88.00 1500 3.793109
90   89.00 1500 3.792196
91   90.00 1500 3.791223
92   91.00 1500 3.790191
93   92.00 1500 3.789102
94   93.00 1500 3.787954
95   94.00 1500 3.786751
96   95.00 1500 3.785491
97   96.00 1500 3.784177
98   97.00 1500 3.782809
99   98.00 1500 3.781387
100  99.00 1500 3.779912
101 100.00 1500 3.771248
102 101.00 1500 3.769678
103 102.00 1500 3.768060
104 103.00 1500 3.766394
105 104.00 1500 3.764683
106 105.00 1500 3.762925
107 106.00 1500 3.761123
108 107.00 1500 3.759276
109 108.00 1500 3.757384
110 109.00 1500 3.755449
111 110.00 1500 3.753472
112 111.00 1500 3.751451
113 112.00 1500 3.749389
114 113.00 1500 3.747285
115 114.00 1500 3.745140
116 115.00 1500 3.742955
117 116.00 1500 3.740730
118 117.00 1500 3.738465
119 118.00 1500 3.736161
120 119.00 1500 3.733819
121 120.00 1500 3.731439
122 121.00 1500 3.729021
123 122.00 1500 3.726566
124 123.00 1500 3.724074
125 124.00 1500 3.721546
126 125.00 1500 3.718983
127 126.00 1500 3.716383
128 127.00 1500 3.713748
129 128.00 1500 3.711079
130 129.00 1500 3.708376
131 130.00 1500 3.705638
132 131.00 1500 3.702868
133 132.00 1500 3.700064
134 133.00 1500 3.697227
135 134.00 1500 3.694359
136 135.00 1500 3.691458
137 136.00 1500 3.688525
138 137.00 1500 3.685562
139 138.00 1500 3.682567
140 139.00 1500 3.679542
141 140.00 1500 3.676486
142 141.00 1500 3.673401
143 142.00 1500 3.670286
144 143.00 1500 3.667142
145 144.00 1500 3.663969
146 145.00 1500 3.660767
147 146.00 1500 3.657537
148 147.00 1500 3.654280
149 148.00 1500 3.650994
150 149.00 1500 3.647681
151 150.00 1500 3.644341
152 151.00 1500 3.640975
153 152.00 1500 3.637581
154 153.00 1500 3.634162
155 154.00 1500 3.630716
156 155.00 1500 3.627245
157 156.00 1500 3.623749
158 157.00 1500 3.620227
159 158.00 1500 3.616680
160 159.00 1500 3.613109
161 160.00 1500 3.609514
162 161.00 1500 3.605894
163 162.00 1500 3.602250
164 163.00 1500 3.598584
165 164.00 1500 3.594893
166 165.00 1500 3.591180
167 166.00 1500 3.587443
168 167.00 1500 3.583684
169 168.00 1500 3.579903
170 169.00 1500 3.576099
171 170.00 1500 3.572274
172 171.00 1500 3.568426
173 172.00 1500 3.564557
174 173.00 1500 3.560666
175 174.00 1500 3.556755
176 175.00 1500 3.552823
177 176.00 1500 3.548870
178 177.00 1500 3.544896
179 178.00 1500 3.540903
180 179.00 1500 3.536889
181 180.00 1500 3.532855
182 181.00 1500 3.528802
183 182.00 1500 3.524729
184 183.00 1500 3.520637
185 184.00 1500 3.516525
186 185.00 1500 3.512395
187 186.00 1500 3.508246
188 187.00 1500 3.504078
189 188.00 1500 3.499892
190 189.00 1500 3.495687
191 190.00 1500 3.491465
192 191.00 1500 3.487225
193 192.00 1500 3.482966
194 193.00 1500 3.478691
195 194.00 1500 3.474398
196 195.00 1500 3.470088
197 196.00 1500 3.465760
198 197.00 1500 3.461416
199 198.00 1500 3.457055
200 199.00 1500 3.452677
201 200.00 1500 3.448283
202 201.00 1500 3.443872
203 202.00 1500 3.439446
204 203.00 1500 3.435002
205 204.00 1500 3.430544
206 205.00 1500 3.426070
207 206.00 1500 3.421579
208 207.00 1500 3.417074
209 208.00 1500 3.412553
210 209.00 1500 3.408017
211 210.00 1500 3.403465
212 211.00 1500 3.398899
213 212.00 1500 3.394319
214 213.00 1500 3.389723
215 214.00 1500 3.385112
216 215.00 1500 3.380488
217 216.00 1500 3.375849
218 217.00 1500 3.371196
219 218.00 1500 3.366528
220 219.00 1500 3.361847
221 220.00 1500 3.357152
222 221.00 1500 3.352443
223 222.00 1500 3.347720
224 223.00 1500 3.342984
225 224.00 1500 3.338235
226 225.00 1500 3.333472
227 226.00 1500 3.328696
228 227.00 1500 3.323907
229 228.00 1500 3.319105
230 229.00 1500 3.314290
231 230.00 1500 3.309463
232 231.00 1500 3.304622
233 232.00 1500 3.299769
234 233.00 1500 3.294904
235 234.00 1500 3.290026
236 235.00 1500 3.285135
237 236.00 1500 3.280233
238 237.00 1500 3.275318
239 238.00 1500 3.270392
240 239.00 1500 3.265453
241 240.00 1500 3.260503
242 241.00 1500 3.255541
243 242.00 1500 3.250567
244 243.00 1500 3.245581
245 244.00 1500 3.240585
246 245.00 1500 3.235576
247 246.00 1500 3.230557
248 247.00 1500 3.225525
249 248.00 1500 3.220483
250 249.00 1500 3.215430
251 250.00 1500 3.210365
252 251.00 1500 3.205290
253 252.00 1500 3.200204
254 253.00 1500 3.195107
255 254.00 1500 3.189999
256 255.00 1500 3.184881
257 256.00 1500 3.179751
258 257.00 1500 3.174611
259 258.00 1500 3.169461
260 259.00 1500 3.164301
261 260.00 1500 3.159130
262 261.00 1500 3.153948
263 262.00 1500 3.148757
264 263.00 1500 3.143556
265 264.00 1500 3.138344
266 265.00 1500 3.133122
267 266.00 1500 3.127890
268 267.00 1500 3.122648
269 268.00 1500 3.117396
270 269.00 1500 3.112136
271 270.00 1500 3.106864
272 271.00 1500 3.101584
273 272.00 1500 3.096293
274 273.00 1500 3.090993
275 274.00 1500 3.085683
276 275.00 1500 3.080364
277 276.00 1500 3.075035
278 277.00 1500 3.069698
279 278.00 1500 3.064350
280 279.00 1500 3.058994
281 280.00 1500 3.053628
282 281.00 1500 3.048253
283 282.00 1500 3.042869
284 283.00 1500 3.037475
285 284.00 1500 3.032072
286 285.00 1500 3.026661
287 286.00 1500 3.021241
288 287.00 1500 3.015811
289 288.00 1500 3.010373
290 289.00 1500 3.004926
291 290.00 1500 2.999470
292 291.00 1500 2.994005
293 292.00 1500 2.988532
294 293.00 1500 2.983049
295 294.00 1500 2.977558
296 295.00 1500 2.972059
297 296.00 1500 2.966550
298 297.00 1500 2.961033
299 298.00 1500 2.955508
300 299.00 1500 2.949973
301 300.00 1500 2.944431
302 301.00 1500 2.938880
303 302.00 1500 2.933320
304 303.00 1500 2.927752
305 304.00 1500 2.922176
306 305.00 1500 2.916592
307 306.00 1500 2.910999
308 307.00 1500 2.905398
309 308.00 1500 2.899788
310 309.00 1500 2.894170
311 310.00 1500 2.888544
312 311.00 1500 2.882910
313 312.00 1500 2.877267
314 313.00 1500 2.871617
315 314.00 1500 2.865957
316 315.00 1500 2.860290
317 316.00 1500 2.854615
318 317.00 1500 2.848933
319 318.00 1500 2.843241
320 319.00 1500 2.837542
321 320.00 1500 2.831834
322 321.00 1500 2.826119
323 322.00 1500 2.820394
324 323.00 1500 2.814663
325 324.00 1500 2.808924
326 325.00 1500 2.803176
327 326.00 1500 2.797421
328 327.00 1500 2.791657
329 328.00 1500 2.785886
330 329.00 1500 2.780107
331 330.00 1500 2.774320
332 331.00 1500 2.768524
333 332.00 1500 2.762722
334 333.00 1500 2.756910
335 334.00 1500 2.751092
336 335.00 1500 2.745265
337 336.00 1500 2.739430
338 337.00 1500 2.733587
339 338.00 1500 2.727737
340 339.00 1500 2.721879
341 340.00 1500 2.716012
342 341.00 1500 2.710139
343 342.00 1500 2.704256
344 343.00 1500 2.698366
345 344.00 1500 2.692469
346 345.00 1500 2.686564
347 346.00 1500 2.680649
348 347.00 1500 2.674728
349 348.00 1500 2.668800
350 349.00 1500 2.662863
351 350.00 1500 2.656918
352 351.00 1500 2.650964
353 352.00 1500 2.645004
354 353.00 1500 2.639035
355 354.00 1500 2.633058
356 355.00 1500 2.627073
357 356.00 1500 2.621081
358 357.00 1500 2.615082
359 358.00 1500 2.609073
360 359.00 1500 2.603057
361 360.00 1500 2.597033
362 361.00 1500 2.591002
363 362.00 1500 2.584960
364 363.00 1500 2.578913
365 364.00 1500 2.572857
366 365.00 1500 2.566793
367 366.00 1500 2.560721
368 367.00 1500 2.554641
369 368.00 1500 2.548552
370 369.00 1500 2.542456
371 370.00 1500 2.536351
372 371.00 1500 2.530239
373 372.00 1500 2.524119
374 373.00 1500 2.517990
375 374.00 1500 2.511853
376 375.00 1500 2.505709
377 376.00 1500 2.499555
378 377.00 1500 2.493394
379 378.00 1500 2.487225
380 379.00 1500 2.481047
381 380.00 1500 2.474862
382 381.00 1500 2.468668
383 382.00 1500 2.462465
384 383.00 1500 2.456254
385 384.00 1500 2.450035
386 385.00 1500 2.443808
387 386.00 1500 2.437571
388 387.00 1500 2.431327
389 388.00 1500 2.425073
390 389.00 1500 2.418813
391 390.00 1500 2.412543
392 391.00 1500 2.406265
393 392.00 1500 2.399977
394 393.00 1500 2.393682
395 394.00 1500 2.387378
396 395.00 1500 2.381066
397 396.00 1500 2.374744
398 397.00 1500 2.368412
399 398.00 1500 2.362075
400 399.00 1500 2.355727
401 400.00 1500 2.349371
402 401.00 1500 2.343006
403 402.00 1500 2.336631
404 403.00 1500 2.330249
405 404.00 1500 2.323855
406 405.00 1500 2.317455
407 406.00 1500 2.311044
408 407.00 1500 2.304627
409 408.00 1500 2.298199
410 409.00 1500 2.291760
411 410.00 1500 2.285315
412 411.00 1500 2.278860
413 412.00 1500 2.272393
414 413.00 1500 2.265920
415 414.00 1500 2.259436
416 415.00 1500 2.252945
417 416.00 1500 2.246443
418 417.00 1500 2.239931
419 418.00 1500 2.233411
420 419.00 1500 2.226880
421 420.00 1500 2.220339
422 421.00 1500 2.213790
423 422.00 1500 2.207230
424 423.00 1500 2.200662
425 424.00 1500 2.194084
426 425.00 1500 2.187494
427 426.00 1500 2.180897
428 427.00 1500 2.174288
429 428.00 1500 2.167671
430 429.00 1500 2.161044
431 430.00 1500 2.154404
432 431.00 1500 2.147757
433 432.00 1500 2.141098
434 433.00 1500 2.134431
435 434.00 1500 2.127753
436 435.00 1500 2.121062
437 436.00 1500 2.114364
438 437.00 1500 2.107653
439 438.00 1500 2.100935
440 439.00 1500 2.094204
441 440.00 1500 2.087465
442 441.00 1500 2.080714
443 442.00 1500 2.073951
444 443.00 1500 2.067179
445 444.00 1500 2.060394
446 445.00 1500 2.053601
447 446.00 1500 2.046796
448 447.00 1500 2.039981
449 448.00 1500 2.033154
450 449.00 1500 2.026314
451 450.00 1500 2.019466
452 451.00 1500 2.012608
453 452.00 1500 2.005737
454 453.00 1500 1.998854
455 454.00 1500 1.991961
456 455.00 1500 1.985059
457 456.00 1500 1.978139
458 457.00 1500 1.971214
459 458.00 1500 1.964276
460 459.00 1500 1.957324
461 460.00 1500 1.950362
462 461.00 1500 1.943387
463 462.00 1500 1.936402
464 463.00 1500 1.929403
465 464.00 1500 1.922395
466 465.00 1500 1.915376
467 466.00 1500 1.908343
468 467.00 1500 1.901296
469 468.00 1500 1.894239
470 469.00 1500 1.887172
471 470.00 1500 1.880090
472 471.00 1500 1.872993
473 472.00 1500 1.865891
474 473.00 1500 1.858769
475 474.00 1500 1.851641
476 475.00 1500 1.844498
477 476.00 1500 1.837340
478 477.00 1500 1.830175
479 478.00 1500 1.822991
480 479.00 1500 1.815795
481 480.00 1500 1.808589
482 481.00 1500 1.801372
483 482.00 1500 1.794139
484 483.00 1500 1.786894
485 484.00 1500 1.779634
486 485.00 1500 1.772362
487 486.00 1500 1.765079
488 487.00 1500 1.757779
489 488.00 1500 1.750468
490 489.00 1500 1.743144
491 490.00 1500 1.735805
492 491.00 1500 1.728458
493 492.00 1500 1.721089
494 493.00 1500 1.713714
495 494.00 1500 1.706321
496 495.00 1500 1.698916
497 496.00 1500 1.691493
498 497.00 1500 1.684063
499 498.00 1500 1.676611
500 499.00 1500 1.669151
501 500.00 1500 1.661678

