$reaction
    coeff    name formula state ispecies
926    -2 methane     CH4    aq      926
927     1  ethane    C2H6    aq      927
63      1      H2      H2    aq       63

$out
         T    P       logK
1     0.01 1500 -13.498529
2     1.00 1500 -13.452685
3     2.00 1500 -13.406602
4     3.00 1500 -13.360745
5     4.00 1500 -13.315119
6     5.00 1500 -13.269724
7     6.00 1500 -13.224564
8     7.00 1500 -13.179640
9     8.00 1500 -13.134953
10    9.00 1500 -13.090504
11   10.00 1500 -13.046295
12   11.00 1500 -13.002325
13   12.00 1500 -12.958596
14   13.00 1500 -12.915108
15   14.00 1500 -12.871860
16   15.00 1500 -12.828854
17   16.00 1500 -12.786088
18   17.00 1500 -12.743563
19   18.00 1500 -12.701277
20   19.00 1500 -12.659232
21   20.00 1500 -12.617426
22   21.00 1500 -12.575858
23   22.00 1500 -12.534527
24   23.00 1500 -12.493434
25   24.00 1500 -12.452577
26   25.00 1500 -12.411955
27   26.00 1500 -12.371567
28   27.00 1500 -12.331412
29   28.00 1500 -12.291489
30   29.00 1500 -12.251797
31   30.00 1500 -12.212335
32   31.00 1500 -12.173101
33   32.00 1500 -12.134095
34   33.00 1500 -12.095315
35   34.00 1500 -12.056759
36   35.00 1500 -12.018428
37   36.00 1500 -11.980318
38   37.00 1500 -11.942430
39   38.00 1500 -11.904760
40   39.00 1500 -11.867310
41   40.00 1500 -11.830076
42   41.00 1500 -11.793057
43   42.00 1500 -11.756253
44   43.00 1500 -11.719661
45   44.00 1500 -11.683280
46   45.00 1500 -11.647110
47   46.00 1500 -11.611148
48   47.00 1500 -11.575392
49   48.00 1500 -11.539843
50   49.00 1500 -11.504498
51   50.00 1500 -11.469356
52   51.00 1500 -11.434415
53   52.00 1500 -11.399674
54   53.00 1500 -11.365131
55   54.00 1500 -11.330786
56   55.00 1500 -11.296637
57   56.00 1500 -11.262682
58   57.00 1500 -11.228920
59   58.00 1500 -11.195350
60   59.00 1500 -11.161970
61   60.00 1500 -11.128779
62   61.00 1500 -11.095775
63   62.00 1500 -11.062958
64   63.00 1500 -11.030325
65   64.00 1500 -10.997876
66   65.00 1500 -10.965608
67   66.00 1500 -10.933522
68   67.00 1500 -10.901615
69   68.00 1500 -10.869886
70   69.00 1500 -10.838334
71   70.00 1500 -10.806957
72   71.00 1500 -10.775755
73   72.00 1500 -10.744726
74   73.00 1500 -10.713868
75   74.00 1500 -10.683180
76   75.00 1500 -10.652662
77   76.00 1500 -10.622311
78   77.00 1500 -10.592128
79   78.00 1500 -10.562109
80   79.00 1500 -10.532255
81   80.00 1500 -10.502563
82   81.00 1500 -10.473034
83   82.00 1500 -10.443665
84   83.00 1500 -10.414455
85   84.00 1500 -10.385404
86   85.00 1500 -10.356509
87   86.00 1500 -10.327770
88   87.00 1500 -10.299186
89   88.00 1500 -10.270756
90   89.00 1500 -10.242478
91   90.00 1500 -10.214351
92   91.00 1500 -10.186375
93   92.00 1500 -10.158548
94   93.00 1500 -10.130868
95   94.00 1500 -10.103336
96   95.00 1500 -10.075949
97   96.00 1500 -10.048707
98   97.00 1500 -10.021609
99   98.00 1500  -9.994653
100  99.00 1500  -9.967839
101 100.00 1500  -9.944515
102 101.00 1500  -9.917978
103 102.00 1500  -9.891578
104 103.00 1500  -9.865314
105 104.00 1500  -9.839185
106 105.00 1500  -9.813191
107 106.00 1500  -9.787329
108 107.00 1500  -9.761600
109 108.00 1500  -9.736003
110 109.00 1500  -9.710536
111 110.00 1500  -9.685199
112 111.00 1500  -9.659990
113 112.00 1500  -9.634909
114 113.00 1500  -9.609955
115 114.00 1500  -9.585127
116 115.00 1500  -9.560424
117 116.00 1500  -9.535845
118 117.00 1500  -9.511389
119 118.00 1500  -9.487056
120 119.00 1500  -9.462845
121 120.00 1500  -9.438754
122 121.00 1500  -9.414783
123 122.00 1500  -9.390932
124 123.00 1500  -9.367198
125 124.00 1500  -9.343582
126 125.00 1500  -9.320083
127 126.00 1500  -9.296700
128 127.00 1500  -9.273432
129 128.00 1500  -9.250278
130 129.00 1500  -9.227238
131 130.00 1500  -9.204310
132 131.00 1500  -9.181494
133 132.00 1500  -9.158789
134 133.00 1500  -9.136195
135 134.00 1500  -9.113711
136 135.00 1500  -9.091335
137 136.00 1500  -9.069068
138 137.00 1500  -9.046908
139 138.00 1500  -9.024855
140 139.00 1500  -9.002908
141 140.00 1500  -8.981067
142 141.00 1500  -8.959330
143 142.00 1500  -8.937697
144 143.00 1500  -8.916167
145 144.00 1500  -8.894739
146 145.00 1500  -8.873414
147 146.00 1500  -8.852189
148 147.00 1500  -8.831065
149 148.00 1500  -8.810042
150 149.00 1500  -8.789117
151 150.00 1500  -8.768291
152 151.00 1500  -8.747562
153 152.00 1500  -8.726931
154 153.00 1500  -8.706396
155 154.00 1500  -8.685958
156 155.00 1500  -8.665615
157 156.00 1500  -8.645366
158 157.00 1500  -8.625212
159 158.00 1500  -8.605151
160 159.00 1500  -8.585183
161 160.00 1500  -8.565307
162 161.00 1500  -8.545523
163 162.00 1500  -8.525831
164 163.00 1500  -8.506228
165 164.00 1500  -8.486716
166 165.00 1500  -8.467293
167 166.00 1500  -8.447959
168 167.00 1500  -8.428713
169 168.00 1500  -8.409554
170 169.00 1500  -8.390483
171 170.00 1500  -8.371499
172 171.00 1500  -8.352600
173 172.00 1500  -8.333787
174 173.00 1500  -8.315059
175 174.00 1500  -8.296415
176 175.00 1500  -8.277856
177 176.00 1500  -8.259379
178 177.00 1500  -8.240985
179 178.00 1500  -8.222674
180 179.00 1500  -8.204445
181 180.00 1500  -8.186297
182 181.00 1500  -8.168229
183 182.00 1500  -8.150242
184 183.00 1500  -8.132335
185 184.00 1500  -8.114507
186 185.00 1500  -8.096758
187 186.00 1500  -8.079087
188 187.00 1500  -8.061495
189 188.00 1500  -8.043979
190 189.00 1500  -8.026541
191 190.00 1500  -8.009179
192 191.00 1500  -7.991893
193 192.00 1500  -7.974682
194 193.00 1500  -7.957547
195 194.00 1500  -7.940486
196 195.00 1500  -7.923500
197 196.00 1500  -7.906587
198 197.00 1500  -7.889748
199 198.00 1500  -7.872981
200 199.00 1500  -7.856287
201 200.00 1500  -7.839665
202 201.00 1500  -7.823114
203 202.00 1500  -7.806635
204 203.00 1500  -7.790227
205 204.00 1500  -7.773888
206 205.00 1500  -7.757620
207 206.00 1500  -7.741421
208 207.00 1500  -7.725291
209 208.00 1500  -7.709231
210 209.00 1500  -7.693238
211 210.00 1500  -7.677313
212 211.00 1500  -7.661456
213 212.00 1500  -7.645666
214 213.00 1500  -7.629942
215 214.00 1500  -7.614285
216 215.00 1500  -7.598694
217 216.00 1500  -7.583169
218 217.00 1500  -7.567708
219 218.00 1500  -7.552313
220 219.00 1500  -7.536982
221 220.00 1500  -7.521716
222 221.00 1500  -7.506512
223 222.00 1500  -7.491373
224 223.00 1500  -7.476296
225 224.00 1500  -7.461283
226 225.00 1500  -7.446331
227 226.00 1500  -7.431442
228 227.00 1500  -7.416614
229 228.00 1500  -7.401847
230 229.00 1500  -7.387142
231 230.00 1500  -7.372497
232 231.00 1500  -7.357912
233 232.00 1500  -7.343387
234 233.00 1500  -7.328922
235 234.00 1500  -7.314516
236 235.00 1500  -7.300170
237 236.00 1500  -7.285882
238 237.00 1500  -7.271652
239 238.00 1500  -7.257480
240 239.00 1500  -7.243366
241 240.00 1500  -7.229310
242 241.00 1500  -7.215310
243 242.00 1500  -7.201367
244 243.00 1500  -7.187481
245 244.00 1500  -7.173651
246 245.00 1500  -7.159877
247 246.00 1500  -7.146158
248 247.00 1500  -7.132495
249 248.00 1500  -7.118887
250 249.00 1500  -7.105333
251 250.00 1500  -7.091834
252 251.00 1500  -7.078389
253 252.00 1500  -7.064998
254 253.00 1500  -7.051660
255 254.00 1500  -7.038376
256 255.00 1500  -7.025144
257 256.00 1500  -7.011966
258 257.00 1500  -6.998840
259 258.00 1500  -6.985766
260 259.00 1500  -6.972744
261 260.00 1500  -6.959774
262 261.00 1500  -6.946855
263 262.00 1500  -6.933987
264 263.00 1500  -6.921170
265 264.00 1500  -6.908404
266 265.00 1500  -6.895688
267 266.00 1500  -6.883022
268 267.00 1500  -6.870406
269 268.00 1500  -6.857840
270 269.00 1500  -6.845323
271 270.00 1500  -6.832855
272 271.00 1500  -6.820436
273 272.00 1500  -6.808066
274 273.00 1500  -6.795744
275 274.00 1500  -6.783470
276 275.00 1500  -6.771244
277 276.00 1500  -6.759066
278 277.00 1500  -6.746935
279 278.00 1500  -6.734851
280 279.00 1500  -6.722814
281 280.00 1500  -6.710825
282 281.00 1500  -6.698881
283 282.00 1500  -6.686984
284 283.00 1500  -6.675133
285 284.00 1500  -6.663328
286 285.00 1500  -6.651568
287 286.00 1500  -6.639854
288 287.00 1500  -6.628185
289 288.00 1500  -6.616561
290 289.00 1500  -6.604982
291 290.00 1500  -6.593447
292 291.00 1500  -6.581957
293 292.00 1500  -6.570511
294 293.00 1500  -6.559109
295 294.00 1500  -6.547750
296 295.00 1500  -6.536435
297 296.00 1500  -6.525164
298 297.00 1500  -6.513935
299 298.00 1500  -6.502750
300 299.00 1500  -6.491607
301 300.00 1500  -6.480507
302 301.00 1500  -6.469449
303 302.00 1500  -6.458433
304 303.00 1500  -6.447459
305 304.00 1500  -6.436527
306 305.00 1500  -6.425636
307 306.00 1500  -6.414787
308 307.00 1500  -6.403979
309 308.00 1500  -6.393213
310 309.00 1500  -6.382487
311 310.00 1500  -6.371801
312 311.00 1500  -6.361156
313 312.00 1500  -6.350552
314 313.00 1500  -6.339987
315 314.00 1500  -6.329463
316 315.00 1500  -6.318978
317 316.00 1500  -6.308533
318 317.00 1500  -6.298127
319 318.00 1500  -6.287761
320 319.00 1500  -6.277433
321 320.00 1500  -6.267145
322 321.00 1500  -6.256895
323 322.00 1500  -6.246684
324 323.00 1500  -6.236512
325 324.00 1500  -6.226377
326 325.00 1500  -6.216281
327 326.00 1500  -6.206222
328 327.00 1500  -6.196202
329 328.00 1500  -6.186219
330 329.00 1500  -6.176274
331 330.00 1500  -6.166366
332 331.00 1500  -6.156495
333 332.00 1500  -6.146661
334 333.00 1500  -6.136864
335 334.00 1500  -6.127103
336 335.00 1500  -6.117379
337 336.00 1500  -6.107692
338 337.00 1500  -6.098041
339 338.00 1500  -6.088426
340 339.00 1500  -6.078847
341 340.00 1500  -6.069304
342 341.00 1500  -6.059796
343 342.00 1500  -6.050325
344 343.00 1500  -6.040888
345 344.00 1500  -6.031487
346 345.00 1500  -6.022120
347 346.00 1500  -6.012790
348 347.00 1500  -6.003494
349 348.00 1500  -5.994232
350 349.00 1500  -5.985005
351 350.00 1500  -5.975812
352 351.00 1500  -5.966655
353 352.00 1500  -5.957531
354 353.00 1500  -5.948441
355 354.00 1500  -5.939385
356 355.00 1500  -5.930364
357 356.00 1500  -5.921375
358 357.00 1500  -5.912420
359 358.00 1500  -5.903499
360 359.00 1500  -5.894611
361 360.00 1500  -5.885756
362 361.00 1500  -5.876934
363 362.00 1500  -5.868146
364 363.00 1500  -5.859390
365 364.00 1500  -5.850667
366 365.00 1500  -5.841977
367 366.00 1500  -5.833318
368 367.00 1500  -5.824693
369 368.00 1500  -5.816100
370 369.00 1500  -5.807539
371 370.00 1500  -5.799010
372 371.00 1500  -5.790513
373 372.00 1500  -5.782047
374 373.00 1500  -5.773614
375 374.00 1500  -5.765212
376 375.00 1500  -5.756841
377 376.00 1500  -5.748502
378 377.00 1500  -5.740194
379 378.00 1500  -5.731918
380 379.00 1500  -5.723672
381 380.00 1500  -5.715457
382 381.00 1500  -5.707273
383 382.00 1500  -5.699121
384 383.00 1500  -5.690999
385 384.00 1500  -5.682907
386 385.00 1500  -5.674846
387 386.00 1500  -5.666815
388 387.00 1500  -5.658815
389 388.00 1500  -5.650845
390 389.00 1500  -5.642904
391 390.00 1500  -5.634994
392 391.00 1500  -5.627114
393 392.00 1500  -5.619264
394 393.00 1500  -5.611443
395 394.00 1500  -5.603652
396 395.00 1500  -5.595890
397 396.00 1500  -5.588158
398 397.00 1500  -5.580456
399 398.00 1500  -5.572782
400 399.00 1500  -5.565138
401 400.00 1500  -5.557523
402 401.00 1500  -5.549937
403 402.00 1500  -5.542380
404 403.00 1500  -5.534852
405 404.00 1500  -5.527353
406 405.00 1500  -5.519882
407 406.00 1500  -5.512441
408 407.00 1500  -5.505026
409 408.00 1500  -5.497641
410 409.00 1500  -5.490285
411 410.00 1500  -5.482956
412 411.00 1500  -5.475656
413 412.00 1500  -5.468385
414 413.00 1500  -5.461141
415 414.00 1500  -5.453925
416 415.00 1500  -5.446737
417 416.00 1500  -5.439576
418 417.00 1500  -5.432445
419 418.00 1500  -5.425340
420 419.00 1500  -5.418263
421 420.00 1500  -5.411214
422 421.00 1500  -5.404192
423 422.00 1500  -5.397198
424 423.00 1500  -5.390231
425 424.00 1500  -5.383291
426 425.00 1500  -5.376379
427 426.00 1500  -5.369494
428 427.00 1500  -5.362636
429 428.00 1500  -5.355804
430 429.00 1500  -5.349000
431 430.00 1500  -5.342223
432 431.00 1500  -5.335472
433 432.00 1500  -5.328749
434 433.00 1500  -5.322052
435 434.00 1500  -5.315382
436 435.00 1500  -5.308739
437 436.00 1500  -5.302122
438 437.00 1500  -5.295532
439 438.00 1500  -5.288967
440 439.00 1500  -5.282429
441 440.00 1500  -5.275917
442 441.00 1500  -5.269432
443 442.00 1500  -5.262974
444 443.00 1500  -5.256541
445 444.00 1500  -5.250135
446 445.00 1500  -5.243754
447 446.00 1500  -5.237400
448 447.00 1500  -5.231070
449 448.00 1500  -5.224768
450 449.00 1500  -5.218492
451 450.00 1500  -5.212241
452 451.00 1500  -5.206014
453 452.00 1500  -5.199814
454 453.00 1500  -5.193641
455 454.00 1500  -5.187492
456 455.00 1500  -5.181368
457 456.00 1500  -5.175272
458 457.00 1500  -5.169199
459 458.00 1500  -5.163152
460 459.00 1500  -5.157132
461 460.00 1500  -5.151135
462 461.00 1500  -5.145165
463 462.00 1500  -5.139219
464 463.00 1500  -5.133300
465 464.00 1500  -5.127404
466 465.00 1500  -5.121533
467 466.00 1500  -5.115688
468 467.00 1500  -5.109869
469 468.00 1500  -5.104074
470 469.00 1500  -5.098302
471 470.00 1500  -5.092557
472 471.00 1500  -5.086838
473 472.00 1500  -5.081141
474 473.00 1500  -5.075472
475 474.00 1500  -5.069824
476 475.00 1500  -5.064202
477 476.00 1500  -5.058606
478 477.00 1500  -5.053032
479 478.00 1500  -5.047486
480 479.00 1500  -5.041963
481 480.00 1500  -5.036464
482 481.00 1500  -5.030989
483 482.00 1500  -5.025539
484 483.00 1500  -5.020113
485 484.00 1500  -5.014713
486 485.00 1500  -5.009336
487 486.00 1500  -5.003982
488 487.00 1500  -4.998655
489 488.00 1500  -4.993350
490 489.00 1500  -4.988069
491 490.00 1500  -4.982814
492 491.00 1500  -4.977580
493 492.00 1500  -4.972374
494 493.00 1500  -4.967188
495 494.00 1500  -4.962029
496 495.00 1500  -4.956892
497 496.00 1500  -4.951782
498 497.00 1500  -4.946692
499 498.00 1500  -4.941630
500 499.00 1500  -4.936589
501 500.00 1500  -4.931571

