$reaction
    coeff    name formula state ispecies
926    -3 methane     CH4    aq      926
928     1 propane    C3H8    aq      928
63      2      H2      H2    aq       63

$out
         T    P       logK
1     0.01 1500 -25.095730
2     1.00 1500 -25.009512
3     2.00 1500 -24.922882
4     3.00 1500 -24.836717
5     4.00 1500 -24.751022
6     5.00 1500 -24.665797
7     6.00 1500 -24.581046
8     7.00 1500 -24.496769
9     8.00 1500 -24.412968
10    9.00 1500 -24.329643
11   10.00 1500 -24.246795
12   11.00 1500 -24.164424
13   12.00 1500 -24.082529
14   13.00 1500 -24.001109
15   14.00 1500 -23.920165
16   15.00 1500 -23.839694
17   16.00 1500 -23.759696
18   17.00 1500 -23.680170
19   18.00 1500 -23.601112
20   19.00 1500 -23.522523
21   20.00 1500 -23.444400
22   21.00 1500 -23.366740
23   22.00 1500 -23.289543
24   23.00 1500 -23.212805
25   24.00 1500 -23.136525
26   25.00 1500 -23.060700
27   26.00 1500 -22.985327
28   27.00 1500 -22.910404
29   28.00 1500 -22.835929
30   29.00 1500 -22.761899
31   30.00 1500 -22.688311
32   31.00 1500 -22.615163
33   32.00 1500 -22.542451
34   33.00 1500 -22.470173
35   34.00 1500 -22.398326
36   35.00 1500 -22.326908
37   36.00 1500 -22.255915
38   37.00 1500 -22.185345
39   38.00 1500 -22.115195
40   39.00 1500 -22.045462
41   40.00 1500 -21.976142
42   41.00 1500 -21.907234
43   42.00 1500 -21.838734
44   43.00 1500 -21.770639
45   44.00 1500 -21.702947
46   45.00 1500 -21.635654
47   46.00 1500 -21.568757
48   47.00 1500 -21.502255
49   48.00 1500 -21.436143
50   49.00 1500 -21.370419
51   50.00 1500 -21.305080
52   51.00 1500 -21.240123
53   52.00 1500 -21.175546
54   53.00 1500 -21.111345
55   54.00 1500 -21.047518
56   55.00 1500 -20.984061
57   56.00 1500 -20.920973
58   57.00 1500 -20.858250
59   58.00 1500 -20.795890
60   59.00 1500 -20.733889
61   60.00 1500 -20.672246
62   61.00 1500 -20.610957
63   62.00 1500 -20.550019
64   63.00 1500 -20.489430
65   64.00 1500 -20.429188
66   65.00 1500 -20.369290
67   66.00 1500 -20.309732
68   67.00 1500 -20.250513
69   68.00 1500 -20.191629
70   69.00 1500 -20.133079
71   70.00 1500 -20.074860
72   71.00 1500 -20.016969
73   72.00 1500 -19.959403
74   73.00 1500 -19.902161
75   74.00 1500 -19.845239
76   75.00 1500 -19.788636
77   76.00 1500 -19.732348
78   77.00 1500 -19.676374
79   78.00 1500 -19.620711
80   79.00 1500 -19.565356
81   80.00 1500 -19.510308
82   81.00 1500 -19.455563
83   82.00 1500 -19.401120
84   83.00 1500 -19.346977
85   84.00 1500 -19.293131
86   85.00 1500 -19.239579
87   86.00 1500 -19.186320
88   87.00 1500 -19.133351
89   88.00 1500 -19.080670
90   89.00 1500 -19.028276
91   90.00 1500 -18.976165
92   91.00 1500 -18.924335
93   92.00 1500 -18.872786
94   93.00 1500 -18.821513
95   94.00 1500 -18.770516
96   95.00 1500 -18.719793
97   96.00 1500 -18.669340
98   97.00 1500 -18.619157
99   98.00 1500 -18.569240
100  99.00 1500 -18.519589
101 100.00 1500 -18.475210
102 101.00 1500 -18.426078
103 102.00 1500 -18.377204
104 103.00 1500 -18.328585
105 104.00 1500 -18.280219
106 105.00 1500 -18.232105
107 106.00 1500 -18.184241
108 107.00 1500 -18.136624
109 108.00 1500 -18.089254
110 109.00 1500 -18.042128
111 110.00 1500 -17.995245
112 111.00 1500 -17.948603
113 112.00 1500 -17.902200
114 113.00 1500 -17.856034
115 114.00 1500 -17.810104
116 115.00 1500 -17.764408
117 116.00 1500 -17.718944
118 117.00 1500 -17.673712
119 118.00 1500 -17.628708
120 119.00 1500 -17.583932
121 120.00 1500 -17.539381
122 121.00 1500 -17.495055
123 122.00 1500 -17.450951
124 123.00 1500 -17.407069
125 124.00 1500 -17.363406
126 125.00 1500 -17.319960
127 126.00 1500 -17.276732
128 127.00 1500 -17.233718
129 128.00 1500 -17.190918
130 129.00 1500 -17.148330
131 130.00 1500 -17.105952
132 131.00 1500 -17.063783
133 132.00 1500 -17.021821
134 133.00 1500 -16.980066
135 134.00 1500 -16.938515
136 135.00 1500 -16.897168
137 136.00 1500 -16.856023
138 137.00 1500 -16.815078
139 138.00 1500 -16.774332
140 139.00 1500 -16.733783
141 140.00 1500 -16.693432
142 141.00 1500 -16.653275
143 142.00 1500 -16.613312
144 143.00 1500 -16.573541
145 144.00 1500 -16.533961
146 145.00 1500 -16.494571
147 146.00 1500 -16.455370
148 147.00 1500 -16.416356
149 148.00 1500 -16.377528
150 149.00 1500 -16.338884
151 150.00 1500 -16.300425
152 151.00 1500 -16.262147
153 152.00 1500 -16.224050
154 153.00 1500 -16.186133
155 154.00 1500 -16.148395
156 155.00 1500 -16.110835
157 156.00 1500 -16.073450
158 157.00 1500 -16.036241
159 158.00 1500 -15.999206
160 159.00 1500 -15.962343
161 160.00 1500 -15.925652
162 161.00 1500 -15.889132
163 162.00 1500 -15.852781
164 163.00 1500 -15.816599
165 164.00 1500 -15.780584
166 165.00 1500 -15.744735
167 166.00 1500 -15.709051
168 167.00 1500 -15.673531
169 168.00 1500 -15.638174
170 169.00 1500 -15.602978
171 170.00 1500 -15.567944
172 171.00 1500 -15.533070
173 172.00 1500 -15.498354
174 173.00 1500 -15.463797
175 174.00 1500 -15.429395
176 175.00 1500 -15.395150
177 176.00 1500 -15.361060
178 177.00 1500 -15.327123
179 178.00 1500 -15.293339
180 179.00 1500 -15.259707
181 180.00 1500 -15.226226
182 181.00 1500 -15.192895
183 182.00 1500 -15.159713
184 183.00 1500 -15.126679
185 184.00 1500 -15.093793
186 185.00 1500 -15.061052
187 186.00 1500 -15.028457
188 187.00 1500 -14.996007
189 188.00 1500 -14.963700
190 189.00 1500 -14.931536
191 190.00 1500 -14.899513
192 191.00 1500 -14.867632
193 192.00 1500 -14.835890
194 193.00 1500 -14.804287
195 194.00 1500 -14.772823
196 195.00 1500 -14.741497
197 196.00 1500 -14.710307
198 197.00 1500 -14.679253
199 198.00 1500 -14.648335
200 199.00 1500 -14.617550
201 200.00 1500 -14.586898
202 201.00 1500 -14.556380
203 202.00 1500 -14.525993
204 203.00 1500 -14.495737
205 204.00 1500 -14.465612
206 205.00 1500 -14.435616
207 206.00 1500 -14.405748
208 207.00 1500 -14.376009
209 208.00 1500 -14.346397
210 209.00 1500 -14.316910
211 210.00 1500 -14.287550
212 211.00 1500 -14.258315
213 212.00 1500 -14.229204
214 213.00 1500 -14.200216
215 214.00 1500 -14.171352
216 215.00 1500 -14.142609
217 216.00 1500 -14.113988
218 217.00 1500 -14.085486
219 218.00 1500 -14.057106
220 219.00 1500 -14.028844
221 220.00 1500 -14.000701
222 221.00 1500 -13.972676
223 222.00 1500 -13.944768
224 223.00 1500 -13.916976
225 224.00 1500 -13.889301
226 225.00 1500 -13.861740
227 226.00 1500 -13.834295
228 227.00 1500 -13.806962
229 228.00 1500 -13.779744
230 229.00 1500 -13.752638
231 230.00 1500 -13.725643
232 231.00 1500 -13.698761
233 232.00 1500 -13.671989
234 233.00 1500 -13.645327
235 234.00 1500 -13.618774
236 235.00 1500 -13.592331
237 236.00 1500 -13.565996
238 237.00 1500 -13.539768
239 238.00 1500 -13.513648
240 239.00 1500 -13.487634
241 240.00 1500 -13.461726
242 241.00 1500 -13.435923
243 242.00 1500 -13.410225
244 243.00 1500 -13.384631
245 244.00 1500 -13.359141
246 245.00 1500 -13.333754
247 246.00 1500 -13.308469
248 247.00 1500 -13.283287
249 248.00 1500 -13.258206
250 249.00 1500 -13.233225
251 250.00 1500 -13.208345
252 251.00 1500 -13.183564
253 252.00 1500 -13.158883
254 253.00 1500 -13.134301
255 254.00 1500 -13.109817
256 255.00 1500 -13.085430
257 256.00 1500 -13.061141
258 257.00 1500 -13.036948
259 258.00 1500 -13.012851
260 259.00 1500 -12.988850
261 260.00 1500 -12.964944
262 261.00 1500 -12.941133
263 262.00 1500 -12.917416
264 263.00 1500 -12.893792
265 264.00 1500 -12.870262
266 265.00 1500 -12.846824
267 266.00 1500 -12.823479
268 267.00 1500 -12.800225
269 268.00 1500 -12.777063
270 269.00 1500 -12.753990
271 270.00 1500 -12.731009
272 271.00 1500 -12.708117
273 272.00 1500 -12.685315
274 273.00 1500 -12.662602
275 274.00 1500 -12.639977
276 275.00 1500 -12.617440
277 276.00 1500 -12.594991
278 277.00 1500 -12.572629
279 278.00 1500 -12.550354
280 279.00 1500 -12.528165
281 280.00 1500 -12.506062
282 281.00 1500 -12.484044
283 282.00 1500 -12.462111
284 283.00 1500 -12.440263
285 284.00 1500 -12.418500
286 285.00 1500 -12.396819
287 286.00 1500 -12.375222
288 287.00 1500 -12.353709
289 288.00 1500 -12.332277
290 289.00 1500 -12.310928
291 290.00 1500 -12.289661
292 291.00 1500 -12.268475
293 292.00 1500 -12.247369
294 293.00 1500 -12.226345
295 294.00 1500 -12.205401
296 295.00 1500 -12.184536
297 296.00 1500 -12.163751
298 297.00 1500 -12.143045
299 298.00 1500 -12.122417
300 299.00 1500 -12.101869
301 300.00 1500 -12.081397
302 301.00 1500 -12.061004
303 302.00 1500 -12.040687
304 303.00 1500 -12.020448
305 304.00 1500 -12.000285
306 305.00 1500 -11.980197
307 306.00 1500 -11.960186
308 307.00 1500 -11.940250
309 308.00 1500 -11.920389
310 309.00 1500 -11.900603
311 310.00 1500 -11.880892
312 311.00 1500 -11.861254
313 312.00 1500 -11.841690
314 313.00 1500 -11.822199
315 314.00 1500 -11.802782
316 315.00 1500 -11.783437
317 316.00 1500 -11.764165
318 317.00 1500 -11.744964
319 318.00 1500 -11.725835
320 319.00 1500 -11.706778
321 320.00 1500 -11.687792
322 321.00 1500 -11.668876
323 322.00 1500 -11.650032
324 323.00 1500 -11.631257
325 324.00 1500 -11.612553
326 325.00 1500 -11.593917
327 326.00 1500 -11.575351
328 327.00 1500 -11.556854
329 328.00 1500 -11.538425
330 329.00 1500 -11.520065
331 330.00 1500 -11.501773
332 331.00 1500 -11.483549
333 332.00 1500 -11.465392
334 333.00 1500 -11.447302
335 334.00 1500 -11.429280
336 335.00 1500 -11.411323
337 336.00 1500 -11.393434
338 337.00 1500 -11.375610
339 338.00 1500 -11.357852
340 339.00 1500 -11.340160
341 340.00 1500 -11.322532
342 341.00 1500 -11.304970
343 342.00 1500 -11.287473
344 343.00 1500 -11.270040
345 344.00 1500 -11.252670
346 345.00 1500 -11.235365
347 346.00 1500 -11.218124
348 347.00 1500 -11.200946
349 348.00 1500 -11.183831
350 349.00 1500 -11.166779
351 350.00 1500 -11.149789
352 351.00 1500 -11.132863
353 352.00 1500 -11.115998
354 353.00 1500 -11.099195
355 354.00 1500 -11.082454
356 355.00 1500 -11.065774
357 356.00 1500 -11.049155
358 357.00 1500 -11.032597
359 358.00 1500 -11.016100
360 359.00 1500 -10.999663
361 360.00 1500 -10.983287
362 361.00 1500 -10.966970
363 362.00 1500 -10.950714
364 363.00 1500 -10.934516
365 364.00 1500 -10.918378
366 365.00 1500 -10.902299
367 366.00 1500 -10.886279
368 367.00 1500 -10.870318
369 368.00 1500 -10.854416
370 369.00 1500 -10.838571
371 370.00 1500 -10.822784
372 371.00 1500 -10.807055
373 372.00 1500 -10.791383
374 373.00 1500 -10.775770
375 374.00 1500 -10.760213
376 375.00 1500 -10.744712
377 376.00 1500 -10.729270
378 377.00 1500 -10.713883
379 378.00 1500 -10.698552
380 379.00 1500 -10.683278
381 380.00 1500 -10.668059
382 381.00 1500 -10.652896
383 382.00 1500 -10.637790
384 383.00 1500 -10.622738
385 384.00 1500 -10.607741
386 385.00 1500 -10.592799
387 386.00 1500 -10.577913
388 387.00 1500 -10.563080
389 388.00 1500 -10.548303
390 389.00 1500 -10.533579
391 390.00 1500 -10.518909
392 391.00 1500 -10.504293
393 392.00 1500 -10.489732
394 393.00 1500 -10.475223
395 394.00 1500 -10.460768
396 395.00 1500 -10.446365
397 396.00 1500 -10.432016
398 397.00 1500 -10.417721
399 398.00 1500 -10.403476
400 399.00 1500 -10.389285
401 400.00 1500 -10.375146
402 401.00 1500 -10.361059
403 402.00 1500 -10.347025
404 403.00 1500 -10.333041
405 404.00 1500 -10.319111
406 405.00 1500 -10.305230
407 406.00 1500 -10.291402
408 407.00 1500 -10.277624
409 408.00 1500 -10.263897
410 409.00 1500 -10.250222
411 410.00 1500 -10.236597
412 411.00 1500 -10.223022
413 412.00 1500 -10.209499
414 413.00 1500 -10.196025
415 414.00 1500 -10.182602
416 415.00 1500 -10.169227
417 416.00 1500 -10.155903
418 417.00 1500 -10.142629
419 418.00 1500 -10.129404
420 419.00 1500 -10.116229
421 420.00 1500 -10.103104
422 421.00 1500 -10.090026
423 422.00 1500 -10.076999
424 423.00 1500 -10.064019
425 424.00 1500 -10.051088
426 425.00 1500 -10.038207
427 426.00 1500 -10.025373
428 427.00 1500 -10.012588
429 428.00 1500  -9.999850
430 429.00 1500  -9.987161
431 430.00 1500  -9.974521
432 431.00 1500  -9.961927
433 432.00 1500  -9.949382
434 433.00 1500  -9.936883
435 434.00 1500  -9.924432
436 435.00 1500  -9.912030
437 436.00 1500  -9.899673
438 437.00 1500  -9.887364
439 438.00 1500  -9.875101
440 439.00 1500  -9.862886
441 440.00 1500  -9.850716
442 441.00 1500  -9.838593
443 442.00 1500  -9.826519
444 443.00 1500  -9.814489
445 444.00 1500  -9.802506
446 445.00 1500  -9.790569
447 446.00 1500  -9.778678
448 447.00 1500  -9.766832
449 448.00 1500  -9.755033
450 449.00 1500  -9.743280
451 450.00 1500  -9.731572
452 451.00 1500  -9.719908
453 452.00 1500  -9.708291
454 453.00 1500  -9.696720
455 454.00 1500  -9.685193
456 455.00 1500  -9.673709
457 456.00 1500  -9.662275
458 457.00 1500  -9.650881
459 458.00 1500  -9.639533
460 459.00 1500  -9.628231
461 460.00 1500  -9.616973
462 461.00 1500  -9.605760
463 462.00 1500  -9.594591
464 463.00 1500  -9.583467
465 464.00 1500  -9.572386
466 465.00 1500  -9.561348
467 466.00 1500  -9.550355
468 467.00 1500  -9.539408
469 468.00 1500  -9.528503
470 469.00 1500  -9.517641
471 470.00 1500  -9.506824
472 471.00 1500  -9.496052
473 472.00 1500  -9.485319
474 473.00 1500  -9.474635
475 474.00 1500  -9.463989
476 475.00 1500  -9.453388
477 476.00 1500  -9.442833
478 477.00 1500  -9.432315
479 478.00 1500  -9.421846
480 479.00 1500  -9.411419
481 480.00 1500  -9.401033
482 481.00 1500  -9.390689
483 482.00 1500  -9.380389
484 483.00 1500  -9.370130
485 484.00 1500  -9.359917
486 485.00 1500  -9.349744
487 486.00 1500  -9.339612
488 487.00 1500  -9.329525
489 488.00 1500  -9.319479
490 489.00 1500  -9.309474
491 490.00 1500  -9.299514
492 491.00 1500  -9.289590
493 492.00 1500  -9.279715
494 493.00 1500  -9.269876
495 494.00 1500  -9.260082
496 495.00 1500  -9.250328
497 496.00 1500  -9.240619
498 497.00 1500  -9.230946
499 498.00 1500  -9.221322
500 499.00 1500  -9.211734
501 500.00 1500  -9.202186

