$reaction
    coeff    name formula state ispecies
926    -4 methane     CH4    aq      926
929     1  butane   C4H10    aq      929
63      3      H2      H2    aq       63

$out
         T    P      logK
1     0.01 1500 -36.65319
2     1.00 1500 -36.52653
3     2.00 1500 -36.39930
4     3.00 1500 -36.27278
5     4.00 1500 -36.14697
6     5.00 1500 -36.02187
7     6.00 1500 -35.89749
8     7.00 1500 -35.77383
9     8.00 1500 -35.65088
10    9.00 1500 -35.52865
11   10.00 1500 -35.40713
12   11.00 1500 -35.28633
13   12.00 1500 -35.16625
14   13.00 1500 -35.04687
15   14.00 1500 -34.92821
16   15.00 1500 -34.81026
17   16.00 1500 -34.69301
18   17.00 1500 -34.57646
19   18.00 1500 -34.46061
20   19.00 1500 -34.34546
21   20.00 1500 -34.23101
22   21.00 1500 -34.11724
23   22.00 1500 -34.00416
24   23.00 1500 -33.89176
25   24.00 1500 -33.78005
26   25.00 1500 -33.66900
27   26.00 1500 -33.55863
28   27.00 1500 -33.44893
29   28.00 1500 -33.33988
30   29.00 1500 -33.23150
31   30.00 1500 -33.12377
32   31.00 1500 -33.01669
33   32.00 1500 -32.91026
34   33.00 1500 -32.80447
35   34.00 1500 -32.69931
36   35.00 1500 -32.59479
37   36.00 1500 -32.49090
38   37.00 1500 -32.38763
39   38.00 1500 -32.28498
40   39.00 1500 -32.18295
41   40.00 1500 -32.08153
42   41.00 1500 -31.98071
43   42.00 1500 -31.88049
44   43.00 1500 -31.78087
45   44.00 1500 -31.68185
46   45.00 1500 -31.58341
47   46.00 1500 -31.48556
48   47.00 1500 -31.38829
49   48.00 1500 -31.29159
50   49.00 1500 -31.19546
51   50.00 1500 -31.09990
52   51.00 1500 -31.00490
53   52.00 1500 -30.91047
54   53.00 1500 -30.81658
55   54.00 1500 -30.72324
56   55.00 1500 -30.63045
57   56.00 1500 -30.53820
58   57.00 1500 -30.44649
59   58.00 1500 -30.35531
60   59.00 1500 -30.26466
61   60.00 1500 -30.17453
62   61.00 1500 -30.08492
63   62.00 1500 -29.99583
64   63.00 1500 -29.90725
65   64.00 1500 -29.81919
66   65.00 1500 -29.73162
67   66.00 1500 -29.64456
68   67.00 1500 -29.55799
69   68.00 1500 -29.47191
70   69.00 1500 -29.38633
71   70.00 1500 -29.30123
72   71.00 1500 -29.21661
73   72.00 1500 -29.13247
74   73.00 1500 -29.04880
75   74.00 1500 -28.96561
76   75.00 1500 -28.88288
77   76.00 1500 -28.80061
78   77.00 1500 -28.71880
79   78.00 1500 -28.63745
80   79.00 1500 -28.55655
81   80.00 1500 -28.47610
82   81.00 1500 -28.39610
83   82.00 1500 -28.31653
84   83.00 1500 -28.23741
85   84.00 1500 -28.15872
86   85.00 1500 -28.08047
87   86.00 1500 -28.00264
88   87.00 1500 -27.92523
89   88.00 1500 -27.84825
90   89.00 1500 -27.77169
91   90.00 1500 -27.69555
92   91.00 1500 -27.61981
93   92.00 1500 -27.54449
94   93.00 1500 -27.46957
95   94.00 1500 -27.39506
96   95.00 1500 -27.32094
97   96.00 1500 -27.24722
98   97.00 1500 -27.17390
99   98.00 1500 -27.10097
100  99.00 1500 -27.02842
101 100.00 1500 -26.96291
102 101.00 1500 -26.89112
103 102.00 1500 -26.81972
104 103.00 1500 -26.74868
105 104.00 1500 -26.67802
106 105.00 1500 -26.60773
107 106.00 1500 -26.53780
108 107.00 1500 -26.46824
109 108.00 1500 -26.39903
110 109.00 1500 -26.33019
111 110.00 1500 -26.26170
112 111.00 1500 -26.19356
113 112.00 1500 -26.12577
114 113.00 1500 -26.05833
115 114.00 1500 -25.99123
116 115.00 1500 -25.92448
117 116.00 1500 -25.85807
118 117.00 1500 -25.79199
119 118.00 1500 -25.72625
120 119.00 1500 -25.66084
121 120.00 1500 -25.59577
122 121.00 1500 -25.53102
123 122.00 1500 -25.46660
124 123.00 1500 -25.40250
125 124.00 1500 -25.33872
126 125.00 1500 -25.27526
127 126.00 1500 -25.21211
128 127.00 1500 -25.14929
129 128.00 1500 -25.08677
130 129.00 1500 -25.02456
131 130.00 1500 -24.96266
132 131.00 1500 -24.90107
133 132.00 1500 -24.83978
134 133.00 1500 -24.77879
135 134.00 1500 -24.71810
136 135.00 1500 -24.65771
137 136.00 1500 -24.59761
138 137.00 1500 -24.53781
139 138.00 1500 -24.47830
140 139.00 1500 -24.41907
141 140.00 1500 -24.36014
142 141.00 1500 -24.30148
143 142.00 1500 -24.24312
144 143.00 1500 -24.18503
145 144.00 1500 -24.12722
146 145.00 1500 -24.06969
147 146.00 1500 -24.01243
148 147.00 1500 -23.95545
149 148.00 1500 -23.89874
150 149.00 1500 -23.84230
151 150.00 1500 -23.78613
152 151.00 1500 -23.73022
153 152.00 1500 -23.67458
154 153.00 1500 -23.61920
155 154.00 1500 -23.56409
156 155.00 1500 -23.50923
157 156.00 1500 -23.45463
158 157.00 1500 -23.40028
159 158.00 1500 -23.34619
160 159.00 1500 -23.29236
161 160.00 1500 -23.23877
162 161.00 1500 -23.18543
163 162.00 1500 -23.13234
164 163.00 1500 -23.07949
165 164.00 1500 -23.02689
166 165.00 1500 -22.97454
167 166.00 1500 -22.92242
168 167.00 1500 -22.87054
169 168.00 1500 -22.81890
170 169.00 1500 -22.76750
171 170.00 1500 -22.71633
172 171.00 1500 -22.66540
173 172.00 1500 -22.61469
174 173.00 1500 -22.56422
175 174.00 1500 -22.51398
176 175.00 1500 -22.46396
177 176.00 1500 -22.41417
178 177.00 1500 -22.36460
179 178.00 1500 -22.31526
180 179.00 1500 -22.26614
181 180.00 1500 -22.21724
182 181.00 1500 -22.16856
183 182.00 1500 -22.12009
184 183.00 1500 -22.07184
185 184.00 1500 -22.02381
186 185.00 1500 -21.97599
187 186.00 1500 -21.92838
188 187.00 1500 -21.88099
189 188.00 1500 -21.83380
190 189.00 1500 -21.78682
191 190.00 1500 -21.74005
192 191.00 1500 -21.69348
193 192.00 1500 -21.64712
194 193.00 1500 -21.60096
195 194.00 1500 -21.55500
196 195.00 1500 -21.50925
197 196.00 1500 -21.46369
198 197.00 1500 -21.41833
199 198.00 1500 -21.37317
200 199.00 1500 -21.32820
201 200.00 1500 -21.28343
202 201.00 1500 -21.23885
203 202.00 1500 -21.19447
204 203.00 1500 -21.15027
205 204.00 1500 -21.10627
206 205.00 1500 -21.06245
207 206.00 1500 -21.01882
208 207.00 1500 -20.97538
209 208.00 1500 -20.93212
210 209.00 1500 -20.88905
211 210.00 1500 -20.84616
212 211.00 1500 -20.80346
213 212.00 1500 -20.76093
214 213.00 1500 -20.71858
215 214.00 1500 -20.67642
216 215.00 1500 -20.63443
217 216.00 1500 -20.59262
218 217.00 1500 -20.55098
219 218.00 1500 -20.50952
220 219.00 1500 -20.46824
221 220.00 1500 -20.42712
222 221.00 1500 -20.38618
223 222.00 1500 -20.34541
224 223.00 1500 -20.30481
225 224.00 1500 -20.26437
226 225.00 1500 -20.22411
227 226.00 1500 -20.18401
228 227.00 1500 -20.14408
229 228.00 1500 -20.10431
230 229.00 1500 -20.06471
231 230.00 1500 -20.02527
232 231.00 1500 -19.98599
233 232.00 1500 -19.94688
234 233.00 1500 -19.90792
235 234.00 1500 -19.86913
236 235.00 1500 -19.83049
237 236.00 1500 -19.79201
238 237.00 1500 -19.75369
239 238.00 1500 -19.71552
240 239.00 1500 -19.67751
241 240.00 1500 -19.63965
242 241.00 1500 -19.60195
243 242.00 1500 -19.56440
244 243.00 1500 -19.52700
245 244.00 1500 -19.48975
246 245.00 1500 -19.45265
247 246.00 1500 -19.41570
248 247.00 1500 -19.37890
249 248.00 1500 -19.34225
250 249.00 1500 -19.30575
251 250.00 1500 -19.26939
252 251.00 1500 -19.23317
253 252.00 1500 -19.19710
254 253.00 1500 -19.16117
255 254.00 1500 -19.12539
256 255.00 1500 -19.08975
257 256.00 1500 -19.05425
258 257.00 1500 -19.01889
259 258.00 1500 -18.98367
260 259.00 1500 -18.94859
261 260.00 1500 -18.91365
262 261.00 1500 -18.87885
263 262.00 1500 -18.84418
264 263.00 1500 -18.80965
265 264.00 1500 -18.77526
266 265.00 1500 -18.74100
267 266.00 1500 -18.70687
268 267.00 1500 -18.67288
269 268.00 1500 -18.63902
270 269.00 1500 -18.60529
271 270.00 1500 -18.57170
272 271.00 1500 -18.53823
273 272.00 1500 -18.50490
274 273.00 1500 -18.47169
275 274.00 1500 -18.43862
276 275.00 1500 -18.40567
277 276.00 1500 -18.37285
278 277.00 1500 -18.34015
279 278.00 1500 -18.30759
280 279.00 1500 -18.27514
281 280.00 1500 -18.24282
282 281.00 1500 -18.21063
283 282.00 1500 -18.17856
284 283.00 1500 -18.14662
285 284.00 1500 -18.11479
286 285.00 1500 -18.08309
287 286.00 1500 -18.05151
288 287.00 1500 -18.02005
289 288.00 1500 -17.98871
290 289.00 1500 -17.95748
291 290.00 1500 -17.92638
292 291.00 1500 -17.89540
293 292.00 1500 -17.86453
294 293.00 1500 -17.83378
295 294.00 1500 -17.80315
296 295.00 1500 -17.77263
297 296.00 1500 -17.74223
298 297.00 1500 -17.71195
299 298.00 1500 -17.68178
300 299.00 1500 -17.65172
301 300.00 1500 -17.62177
302 301.00 1500 -17.59194
303 302.00 1500 -17.56222
304 303.00 1500 -17.53261
305 304.00 1500 -17.50312
306 305.00 1500 -17.47373
307 306.00 1500 -17.44445
308 307.00 1500 -17.41529
309 308.00 1500 -17.38623
310 309.00 1500 -17.35728
311 310.00 1500 -17.32844
312 311.00 1500 -17.29970
313 312.00 1500 -17.27108
314 313.00 1500 -17.24256
315 314.00 1500 -17.21414
316 315.00 1500 -17.18584
317 316.00 1500 -17.15763
318 317.00 1500 -17.12953
319 318.00 1500 -17.10154
320 319.00 1500 -17.07365
321 320.00 1500 -17.04586
322 321.00 1500 -17.01817
323 322.00 1500 -16.99059
324 323.00 1500 -16.96311
325 324.00 1500 -16.93573
326 325.00 1500 -16.90846
327 326.00 1500 -16.88128
328 327.00 1500 -16.85420
329 328.00 1500 -16.82722
330 329.00 1500 -16.80034
331 330.00 1500 -16.77356
332 331.00 1500 -16.74688
333 332.00 1500 -16.72030
334 333.00 1500 -16.69381
335 334.00 1500 -16.66742
336 335.00 1500 -16.64113
337 336.00 1500 -16.61493
338 337.00 1500 -16.58883
339 338.00 1500 -16.56283
340 339.00 1500 -16.53692
341 340.00 1500 -16.51110
342 341.00 1500 -16.48538
343 342.00 1500 -16.45975
344 343.00 1500 -16.43422
345 344.00 1500 -16.40877
346 345.00 1500 -16.38343
347 346.00 1500 -16.35817
348 347.00 1500 -16.33301
349 348.00 1500 -16.30793
350 349.00 1500 -16.28295
351 350.00 1500 -16.25806
352 351.00 1500 -16.23326
353 352.00 1500 -16.20855
354 353.00 1500 -16.18393
355 354.00 1500 -16.15940
356 355.00 1500 -16.13495
357 356.00 1500 -16.11060
358 357.00 1500 -16.08633
359 358.00 1500 -16.06215
360 359.00 1500 -16.03806
361 360.00 1500 -16.01406
362 361.00 1500 -15.99014
363 362.00 1500 -15.96632
364 363.00 1500 -15.94257
365 364.00 1500 -15.91891
366 365.00 1500 -15.89534
367 366.00 1500 -15.87185
368 367.00 1500 -15.84845
369 368.00 1500 -15.82513
370 369.00 1500 -15.80190
371 370.00 1500 -15.77875
372 371.00 1500 -15.75568
373 372.00 1500 -15.73270
374 373.00 1500 -15.70980
375 374.00 1500 -15.68698
376 375.00 1500 -15.66425
377 376.00 1500 -15.64160
378 377.00 1500 -15.61903
379 378.00 1500 -15.59654
380 379.00 1500 -15.57413
381 380.00 1500 -15.55180
382 381.00 1500 -15.52955
383 382.00 1500 -15.50739
384 383.00 1500 -15.48530
385 384.00 1500 -15.46329
386 385.00 1500 -15.44136
387 386.00 1500 -15.41952
388 387.00 1500 -15.39775
389 388.00 1500 -15.37606
390 389.00 1500 -15.35444
391 390.00 1500 -15.33291
392 391.00 1500 -15.31145
393 392.00 1500 -15.29007
394 393.00 1500 -15.26877
395 394.00 1500 -15.24754
396 395.00 1500 -15.22639
397 396.00 1500 -15.20532
398 397.00 1500 -15.18433
399 398.00 1500 -15.16341
400 399.00 1500 -15.14256
401 400.00 1500 -15.12179
402 401.00 1500 -15.10110
403 402.00 1500 -15.08048
404 403.00 1500 -15.05994
405 404.00 1500 -15.03947
406 405.00 1500 -15.01907
407 406.00 1500 -14.99875
408 407.00 1500 -14.97850
409 408.00 1500 -14.95833
410 409.00 1500 -14.93823
411 410.00 1500 -14.91820
412 411.00 1500 -14.89825
413 412.00 1500 -14.87837
414 413.00 1500 -14.85856
415 414.00 1500 -14.83882
416 415.00 1500 -14.81915
417 416.00 1500 -14.79956
418 417.00 1500 -14.78004
419 418.00 1500 -14.76059
420 419.00 1500 -14.74121
421 420.00 1500 -14.72190
422 421.00 1500 -14.70266
423 422.00 1500 -14.68349
424 423.00 1500 -14.66439
425 424.00 1500 -14.64537
426 425.00 1500 -14.62641
427 426.00 1500 -14.60752
428 427.00 1500 -14.58870
429 428.00 1500 -14.56995
430 429.00 1500 -14.55127
431 430.00 1500 -14.53266
432 431.00 1500 -14.51412
433 432.00 1500 -14.49564
434 433.00 1500 -14.47724
435 434.00 1500 -14.45890
436 435.00 1500 -14.44063
437 436.00 1500 -14.42243
438 437.00 1500 -14.40429
439 438.00 1500 -14.38623
440 439.00 1500 -14.36823
441 440.00 1500 -14.35029
442 441.00 1500 -14.33243
443 442.00 1500 -14.31463
444 443.00 1500 -14.29690
445 444.00 1500 -14.27923
446 445.00 1500 -14.26163
447 446.00 1500 -14.24410
448 447.00 1500 -14.22663
449 448.00 1500 -14.20922
450 449.00 1500 -14.19189
451 450.00 1500 -14.17462
452 451.00 1500 -14.15741
453 452.00 1500 -14.14027
454 453.00 1500 -14.12319
455 454.00 1500 -14.10618
456 455.00 1500 -14.08923
457 456.00 1500 -14.07235
458 457.00 1500 -14.05553
459 458.00 1500 -14.03877
460 459.00 1500 -14.02208
461 460.00 1500 -14.00546
462 461.00 1500 -13.98889
463 462.00 1500 -13.97239
464 463.00 1500 -13.95596
465 464.00 1500 -13.93959
466 465.00 1500 -13.92327
467 466.00 1500 -13.90703
468 467.00 1500 -13.89085
469 468.00 1500 -13.87472
470 469.00 1500 -13.85866
471 470.00 1500 -13.84267
472 471.00 1500 -13.82674
473 472.00 1500 -13.81086
474 473.00 1500 -13.79505
475 474.00 1500 -13.77930
476 475.00 1500 -13.76362
477 476.00 1500 -13.74799
478 477.00 1500 -13.73243
479 478.00 1500 -13.71693
480 479.00 1500 -13.70149
481 480.00 1500 -13.68611
482 481.00 1500 -13.67079
483 482.00 1500 -13.65553
484 483.00 1500 -13.64033
485 484.00 1500 -13.62520
486 485.00 1500 -13.61012
487 486.00 1500 -13.59511
488 487.00 1500 -13.58015
489 488.00 1500 -13.56526
490 489.00 1500 -13.55042
491 490.00 1500 -13.53565
492 491.00 1500 -13.52093
493 492.00 1500 -13.50628
494 493.00 1500 -13.49168
495 494.00 1500 -13.47714
496 495.00 1500 -13.46266
497 496.00 1500 -13.44825
498 497.00 1500 -13.43388
499 498.00 1500 -13.41959
500 499.00 1500 -13.40535
501 500.00 1500 -13.39116

