$reaction
     coeff    name formula state ispecies
926     -1 methane     CH4    aq      926
1       -1   water     H2O   liq        1
1089     1      CO      CO    aq     1089
63       3      H2      H2    aq       63

$out
         T    P       logK
1     0.01 1500 -41.061286
2     1.00 1500 -40.908052
3     2.00 1500 -40.753568
4     3.00 1500 -40.599415
5     4.00 1500 -40.445624
6     5.00 1500 -40.292218
7     6.00 1500 -40.139223
8     7.00 1500 -39.986658
9     8.00 1500 -39.834545
10    9.00 1500 -39.682899
11   10.00 1500 -39.531738
12   11.00 1500 -39.381074
13   12.00 1500 -39.230922
14   13.00 1500 -39.081291
15   14.00 1500 -38.932194
16   15.00 1500 -38.783638
17   16.00 1500 -38.635633
18   17.00 1500 -38.488186
19   18.00 1500 -38.341303
20   19.00 1500 -38.194991
21   20.00 1500 -38.049253
22   21.00 1500 -37.904096
23   22.00 1500 -37.759522
24   23.00 1500 -37.615535
25   24.00 1500 -37.472138
26   25.00 1500 -37.329333
27   26.00 1500 -37.187122
28   27.00 1500 -37.045507
29   28.00 1500 -36.904488
30   29.00 1500 -36.764067
31   30.00 1500 -36.624244
32   31.00 1500 -36.485019
33   32.00 1500 -36.346393
34   33.00 1500 -36.208364
35   34.00 1500 -36.070932
36   35.00 1500 -35.934097
37   36.00 1500 -35.797858
38   37.00 1500 -35.662213
39   38.00 1500 -35.527161
40   39.00 1500 -35.392701
41   40.00 1500 -35.258830
42   41.00 1500 -35.125548
43   42.00 1500 -34.992852
44   43.00 1500 -34.860741
45   44.00 1500 -34.729211
46   45.00 1500 -34.598262
47   46.00 1500 -34.467891
48   47.00 1500 -34.338095
49   48.00 1500 -34.208872
50   49.00 1500 -34.080220
51   50.00 1500 -33.952135
52   51.00 1500 -33.824616
53   52.00 1500 -33.697659
54   53.00 1500 -33.571262
55   54.00 1500 -33.445423
56   55.00 1500 -33.320137
57   56.00 1500 -33.195403
58   57.00 1500 -33.071217
59   58.00 1500 -32.947577
60   59.00 1500 -32.824480
61   60.00 1500 -32.701922
62   61.00 1500 -32.579902
63   62.00 1500 -32.458415
64   63.00 1500 -32.337458
65   64.00 1500 -32.217029
66   65.00 1500 -32.097126
67   66.00 1500 -31.977743
68   67.00 1500 -31.858879
69   68.00 1500 -31.740531
70   69.00 1500 -31.622695
71   70.00 1500 -31.505369
72   71.00 1500 -31.388549
73   72.00 1500 -31.272233
74   73.00 1500 -31.156416
75   74.00 1500 -31.041097
76   75.00 1500 -30.926272
77   76.00 1500 -30.811938
78   77.00 1500 -30.698093
79   78.00 1500 -30.584732
80   79.00 1500 -30.471853
81   80.00 1500 -30.359454
82   81.00 1500 -30.247530
83   82.00 1500 -30.136080
84   83.00 1500 -30.025100
85   84.00 1500 -29.914587
86   85.00 1500 -29.804538
87   86.00 1500 -29.694950
88   87.00 1500 -29.585821
89   88.00 1500 -29.477147
90   89.00 1500 -29.368925
91   90.00 1500 -29.261153
92   91.00 1500 -29.153829
93   92.00 1500 -29.046948
94   93.00 1500 -28.940508
95   94.00 1500 -28.834506
96   95.00 1500 -28.728940
97   96.00 1500 -28.623806
98   97.00 1500 -28.519103
99   98.00 1500 -28.414827
100  99.00 1500 -28.310975
101 100.00 1500 -28.189945
102 101.00 1500 -28.087206
103 102.00 1500 -27.984809
104 103.00 1500 -27.882825
105 104.00 1500 -27.781251
106 105.00 1500 -27.680084
107 106.00 1500 -27.579322
108 107.00 1500 -27.478987
109 108.00 1500 -27.379050
110 109.00 1500 -27.279510
111 110.00 1500 -27.180341
112 111.00 1500 -27.081610
113 112.00 1500 -26.983222
114 113.00 1500 -26.885219
115 114.00 1500 -26.787601
116 115.00 1500 -26.690365
117 116.00 1500 -26.593556
118 117.00 1500 -26.497101
119 118.00 1500 -26.400996
120 119.00 1500 -26.305264
121 120.00 1500 -26.209901
122 121.00 1500 -26.114907
123 122.00 1500 -26.020278
124 123.00 1500 -25.926034
125 124.00 1500 -25.832128
126 125.00 1500 -25.738580
127 126.00 1500 -25.645388
128 127.00 1500 -25.552596
129 128.00 1500 -25.460109
130 129.00 1500 -25.367993
131 130.00 1500 -25.276203
132 131.00 1500 -25.184758
133 132.00 1500 -25.093655
134 133.00 1500 -25.002917
135 134.00 1500 -24.912494
136 135.00 1500 -24.822407
137 136.00 1500 -24.732655
138 137.00 1500 -24.643235
139 138.00 1500 -24.554145
140 139.00 1500 -24.465383
141 140.00 1500 -24.376923
142 141.00 1500 -24.288811
143 142.00 1500 -24.201044
144 143.00 1500 -24.113574
145 144.00 1500 -24.026422
146 145.00 1500 -23.939610
147 146.00 1500 -23.853135
148 147.00 1500 -23.766926
149 148.00 1500 -23.681028
150 149.00 1500 -23.595439
151 150.00 1500 -23.510156
152 151.00 1500 -23.425154
153 152.00 1500 -23.340478
154 153.00 1500 -23.256081
155 154.00 1500 -23.171982
156 155.00 1500 -23.088203
157 156.00 1500 -23.004721
158 157.00 1500 -22.921577
159 158.00 1500 -22.838681
160 159.00 1500 -22.756074
161 160.00 1500 -22.673756
162 161.00 1500 -22.591749
163 162.00 1500 -22.510003
164 163.00 1500 -22.428541
165 164.00 1500 -22.347337
166 165.00 1500 -22.266413
167 166.00 1500 -22.185768
168 167.00 1500 -22.105399
169 168.00 1500 -22.025328
170 169.00 1500 -21.945530
171 170.00 1500 -21.866005
172 171.00 1500 -21.786772
173 172.00 1500 -21.707785
174 173.00 1500 -21.629065
175 174.00 1500 -21.550611
176 175.00 1500 -21.472466
177 176.00 1500 -21.394516
178 177.00 1500 -21.316803
179 178.00 1500 -21.239372
180 179.00 1500 -21.162199
181 180.00 1500 -21.085282
182 181.00 1500 -21.008642
183 182.00 1500 -20.932257
184 183.00 1500 -20.856167
185 184.00 1500 -20.780283
186 185.00 1500 -20.704671
187 186.00 1500 -20.629284
188 187.00 1500 -20.554143
189 188.00 1500 -20.479201
190 189.00 1500 -20.404502
191 190.00 1500 -20.330046
192 191.00 1500 -20.255851
193 192.00 1500 -20.181920
194 193.00 1500 -20.108226
195 194.00 1500 -20.034767
196 195.00 1500 -19.961544
197 196.00 1500 -19.888555
198 197.00 1500 -19.815842
199 198.00 1500 -19.743316
200 199.00 1500 -19.670975
201 200.00 1500 -19.598884
202 201.00 1500 -19.526998
203 202.00 1500 -19.455407
204 203.00 1500 -19.383972
205 204.00 1500 -19.312782
206 205.00 1500 -19.241837
207 206.00 1500 -19.171113
208 207.00 1500 -19.100608
209 208.00 1500 -19.030322
210 209.00 1500 -18.960253
211 210.00 1500 -18.890355
212 211.00 1500 -18.820761
213 212.00 1500 -18.751292
214 213.00 1500 -18.682079
215 214.00 1500 -18.613033
216 215.00 1500 -18.544198
217 216.00 1500 -18.475593
218 217.00 1500 -18.407218
219 218.00 1500 -18.339050
220 219.00 1500 -18.271087
221 220.00 1500 -18.203350
222 221.00 1500 -18.135795
223 222.00 1500 -18.068397
224 223.00 1500 -18.001200
225 224.00 1500 -17.934203
226 225.00 1500 -17.867405
227 226.00 1500 -17.800826
228 227.00 1500 -17.734424
229 228.00 1500 -17.668305
230 229.00 1500 -17.602336
231 230.00 1500 -17.536560
232 231.00 1500 -17.471020
233 232.00 1500 -17.405583
234 233.00 1500 -17.340336
235 234.00 1500 -17.275279
236 235.00 1500 -17.210499
237 236.00 1500 -17.145818
238 237.00 1500 -17.081323
239 238.00 1500 -17.017015
240 239.00 1500 -16.952933
241 240.00 1500 -16.889035
242 241.00 1500 -16.825273
243 242.00 1500 -16.761693
244 243.00 1500 -16.698382
245 244.00 1500 -16.635163
246 245.00 1500 -16.572122
247 246.00 1500 -16.509304
248 247.00 1500 -16.446617
249 248.00 1500 -16.384107
250 249.00 1500 -16.321772
251 250.00 1500 -16.259653
252 251.00 1500 -16.197753
253 252.00 1500 -16.136024
254 253.00 1500 -16.074376
255 254.00 1500 -16.012898
256 255.00 1500 -15.951590
257 256.00 1500 -15.890450
258 257.00 1500 -15.829478
259 258.00 1500 -15.768763
260 259.00 1500 -15.708124
261 260.00 1500 -15.647647
262 261.00 1500 -15.587291
263 262.00 1500 -15.527143
264 263.00 1500 -15.467202
265 264.00 1500 -15.407466
266 265.00 1500 -15.347802
267 266.00 1500 -15.288297
268 267.00 1500 -15.228953
269 268.00 1500 -15.169811
270 269.00 1500 -15.110783
271 270.00 1500 -15.051910
272 271.00 1500 -14.993282
273 272.00 1500 -14.934717
274 273.00 1500 -14.876398
275 274.00 1500 -14.818141
276 275.00 1500 -14.760037
277 276.00 1500 -14.702084
278 277.00 1500 -14.644328
279 278.00 1500 -14.586721
280 279.00 1500 -14.529173
281 280.00 1500 -14.471821
282 281.00 1500 -14.414571
283 282.00 1500 -14.357468
284 283.00 1500 -14.300554
285 284.00 1500 -14.243922
286 285.00 1500 -14.187299
287 286.00 1500 -14.130822
288 287.00 1500 -14.074487
289 288.00 1500 -14.018341
290 289.00 1500 -13.962380
291 290.00 1500 -13.906472
292 291.00 1500 -13.850657
293 292.00 1500 -13.795027
294 293.00 1500 -13.739627
295 294.00 1500 -13.684318
296 295.00 1500 -13.629103
297 296.00 1500 -13.573976
298 297.00 1500 -13.519078
299 298.00 1500 -13.464225
300 299.00 1500 -13.409598
301 300.00 1500 -13.355013
302 301.00 1500 -13.300655
303 302.00 1500 -13.246384
304 303.00 1500 -13.192199
305 304.00 1500 -13.138190
306 305.00 1500 -13.084312
307 306.00 1500 -13.030701
308 307.00 1500 -12.977082
309 308.00 1500 -12.923592
310 309.00 1500 -12.870183
311 310.00 1500 -12.817085
312 311.00 1500 -12.763932
313 312.00 1500 -12.710900
314 313.00 1500 -12.658042
315 314.00 1500 -12.605354
316 315.00 1500 -12.552742
317 316.00 1500 -12.500258
318 317.00 1500 -12.447849
319 318.00 1500 -12.395655
320 319.00 1500 -12.343583
321 320.00 1500 -12.291539
322 321.00 1500 -12.239711
323 322.00 1500 -12.187907
324 323.00 1500 -12.136273
325 324.00 1500 -12.084753
326 325.00 1500 -12.033444
327 326.00 1500 -11.982208
328 327.00 1500 -11.930993
329 328.00 1500 -11.879895
330 329.00 1500 -11.829051
331 330.00 1500 -11.778134
332 331.00 1500 -11.727428
333 332.00 1500 -11.676786
334 333.00 1500 -11.626398
335 334.00 1500 -11.576032
336 335.00 1500 -11.525730
337 336.00 1500 -11.475633
338 337.00 1500 -11.425647
339 338.00 1500 -11.375679
340 339.00 1500 -11.325914
341 340.00 1500 -11.276214
342 341.00 1500 -11.226620
343 342.00 1500 -11.177088
344 343.00 1500 -11.127807
345 344.00 1500 -11.078436
346 345.00 1500 -11.029174
347 346.00 1500 -10.980255
348 347.00 1500 -10.931204
349 348.00 1500 -10.882310
350 349.00 1500 -10.833658
351 350.00 1500 -10.784967
352 351.00 1500 -10.736428
353 352.00 1500 -10.688040
354 353.00 1500 -10.639705
355 354.00 1500 -10.591474
356 355.00 1500 -10.543392
357 356.00 1500 -10.495410
358 357.00 1500 -10.447435
359 358.00 1500 -10.399653
360 359.00 1500 -10.351869
361 360.00 1500 -10.304087
362 361.00 1500 -10.256604
363 362.00 1500 -10.209067
364 363.00 1500 -10.161729
365 364.00 1500 -10.114529
366 365.00 1500 -10.067282
367 366.00 1500 -10.020233
368 367.00 1500  -9.973320
369 368.00 1500  -9.926505
370 369.00 1500  -9.879686
371 370.00 1500  -9.833056
372 371.00 1500  -9.786524
373 372.00 1500  -9.739985
374 373.00 1500  -9.693734
375 374.00 1500  -9.647378
376 375.00 1500  -9.601058
377 376.00 1500  -9.555032
378 377.00 1500  -9.508844
379 378.00 1500  -9.463000
380 379.00 1500  -9.417039
381 380.00 1500  -9.371122
382 381.00 1500  -9.325546
383 382.00 1500  -9.279850
384 383.00 1500  -9.234398
385 384.00 1500  -9.188975
386 385.00 1500  -9.143591
387 386.00 1500  -9.098385
388 387.00 1500  -9.053172
389 388.00 1500  -9.008087
390 389.00 1500  -8.963094
391 390.00 1500  -8.918027
392 391.00 1500  -8.873307
393 392.00 1500  -8.828455
394 393.00 1500  -8.783899
395 394.00 1500  -8.739214
396 395.00 1500  -8.694673
397 396.00 1500  -8.650255
398 397.00 1500  -8.605921
399 398.00 1500  -8.561669
400 399.00 1500  -8.517342
401 400.00 1500  -8.473251
402 401.00 1500  -8.429284
403 402.00 1500  -8.385399
404 403.00 1500  -8.341590
405 404.00 1500  -8.297861
406 405.00 1500  -8.253992
407 406.00 1500  -8.210520
408 407.00 1500  -8.166807
409 408.00 1500  -8.123489
410 409.00 1500  -8.079925
411 410.00 1500  -8.036659
412 411.00 1500  -7.993348
413 412.00 1500  -7.950109
414 413.00 1500  -7.906949
415 414.00 1500  -7.863643
416 415.00 1500  -7.820748
417 416.00 1500  -7.777691
418 417.00 1500  -7.734937
419 418.00 1500  -7.692026
420 419.00 1500  -7.649517
421 420.00 1500  -7.606745
422 421.00 1500  -7.564379
423 422.00 1500  -7.521750
424 423.00 1500  -7.479525
425 424.00 1500  -7.437037
426 425.00 1500  -7.394946
427 426.00 1500  -7.352598
428 427.00 1500  -7.310432
429 428.00 1500  -7.268550
430 429.00 1500  -7.226405
431 430.00 1500  -7.184652
432 431.00 1500  -7.142643
433 432.00 1500  -7.101024
434 433.00 1500  -7.059027
435 434.00 1500  -7.017540
436 435.00 1500  -6.975643
437 436.00 1500  -6.934287
438 437.00 1500  -6.892521
439 438.00 1500  -6.851293
440 439.00 1500  -6.809785
441 440.00 1500  -6.768556
442 441.00 1500  -6.727175
443 442.00 1500  -6.685960
444 443.00 1500  -6.644811
445 444.00 1500  -6.603720
446 445.00 1500  -6.562695
447 446.00 1500  -6.521854
448 447.00 1500  -6.480825
449 448.00 1500  -6.440105
450 449.00 1500  -6.399421
451 450.00 1500  -6.358589
452 451.00 1500  -6.318156
453 452.00 1500  -6.277316
454 453.00 1500  -6.236993
455 454.00 1500  -6.196376
456 455.00 1500  -6.156174
457 456.00 1500  -6.115666
458 457.00 1500  -6.075577
459 458.00 1500  -6.035313
460 459.00 1500  -5.994931
461 460.00 1500  -5.954778
462 461.00 1500  -5.914507
463 462.00 1500  -5.874465
464 463.00 1500  -5.834701
465 464.00 1500  -5.794370
466 465.00 1500  -5.754720
467 466.00 1500  -5.714607
468 467.00 1500  -5.675055
469 468.00 1500  -5.635164
470 469.00 1500  -5.595607
471 470.00 1500  -5.556213
472 471.00 1500  -5.516358
473 472.00 1500  -5.477072
474 473.00 1500  -5.437319
475 474.00 1500  -5.398133
476 475.00 1500  -5.358488
477 476.00 1500  -5.319087
478 477.00 1500  -5.279936
479 478.00 1500  -5.240549
480 479.00 1500  -5.201183
481 480.00 1500  -5.162037
482 481.00 1500  -5.122940
483 482.00 1500  -5.083834
484 483.00 1500  -5.044581
485 484.00 1500  -5.005871
486 485.00 1500  -4.966545
487 486.00 1500  -4.927796
488 487.00 1500  -4.888976
489 488.00 1500  -4.850150
490 489.00 1500  -4.811537
491 490.00 1500  -4.772853
492 491.00 1500  -4.734470
493 492.00 1500  -4.695436
494 493.00 1500  -4.657138
495 494.00 1500  -4.618742
496 495.00 1500  -4.579982
497 496.00 1500  -4.541804
498 497.00 1500  -4.503417
499 498.00 1500  -4.465021
500 499.00 1500  -4.426849
501 500.00 1500  -4.388712

