$reaction
    coeff    name formula state ispecies
926    -1 methane     CH4    aq      926
1      -3   water     H2O   liq        1
14      1   CO3-2   CO3-2    aq       14
3       2      H+      H+    aq        3
63      4      H2      H2    aq       63

$out
         T    P      logK
1     0.01 1500 -54.58320
2     1.00 1500 -54.43408
3     2.00 1500 -54.28343
4     3.00 1500 -54.13282
5     4.00 1500 -53.98231
6     5.00 1500 -53.83196
7     6.00 1500 -53.68182
8     7.00 1500 -53.53194
9     8.00 1500 -53.38235
10    9.00 1500 -53.23311
11   10.00 1500 -53.08424
12   11.00 1500 -52.93577
13   12.00 1500 -52.78774
14   13.00 1500 -52.64017
15   14.00 1500 -52.49309
16   15.00 1500 -52.34651
17   16.00 1500 -52.20046
18   17.00 1500 -52.05495
19   18.00 1500 -51.91000
20   19.00 1500 -51.76562
21   20.00 1500 -51.62183
22   21.00 1500 -51.47865
23   22.00 1500 -51.33607
24   23.00 1500 -51.19410
25   24.00 1500 -51.05277
26   25.00 1500 -50.91207
27   26.00 1500 -50.77201
28   27.00 1500 -50.63260
29   28.00 1500 -50.49384
30   29.00 1500 -50.35574
31   30.00 1500 -50.21829
32   31.00 1500 -50.08151
33   32.00 1500 -49.94540
34   33.00 1500 -49.80995
35   34.00 1500 -49.67517
36   35.00 1500 -49.54107
37   36.00 1500 -49.40764
38   37.00 1500 -49.27487
39   38.00 1500 -49.14279
40   39.00 1500 -49.01137
41   40.00 1500 -48.88063
42   41.00 1500 -48.75056
43   42.00 1500 -48.62115
44   43.00 1500 -48.49242
45   44.00 1500 -48.36436
46   45.00 1500 -48.23696
47   46.00 1500 -48.11023
48   47.00 1500 -47.98416
49   48.00 1500 -47.85876
50   49.00 1500 -47.73401
51   50.00 1500 -47.60992
52   51.00 1500 -47.48648
53   52.00 1500 -47.36369
54   53.00 1500 -47.24156
55   54.00 1500 -47.12007
56   55.00 1500 -46.99922
57   56.00 1500 -46.87901
58   57.00 1500 -46.75944
59   58.00 1500 -46.64051
60   59.00 1500 -46.52221
61   60.00 1500 -46.40454
62   61.00 1500 -46.28749
63   62.00 1500 -46.17106
64   63.00 1500 -46.05526
65   64.00 1500 -45.94007
66   65.00 1500 -45.82549
67   66.00 1500 -45.71152
68   67.00 1500 -45.59815
69   68.00 1500 -45.48539
70   69.00 1500 -45.37323
71   70.00 1500 -45.26166
72   71.00 1500 -45.15069
73   72.00 1500 -45.04030
74   73.00 1500 -44.93050
75   74.00 1500 -44.82128
76   75.00 1500 -44.71263
77   76.00 1500 -44.60456
78   77.00 1500 -44.49707
79   78.00 1500 -44.39014
80   79.00 1500 -44.28377
81   80.00 1500 -44.17797
82   81.00 1500 -44.07272
83   82.00 1500 -43.96803
84   83.00 1500 -43.86389
85   84.00 1500 -43.76029
86   85.00 1500 -43.65724
87   86.00 1500 -43.55472
88   87.00 1500 -43.45275
89   88.00 1500 -43.35131
90   89.00 1500 -43.25039
91   90.00 1500 -43.15001
92   91.00 1500 -43.05015
93   92.00 1500 -42.95080
94   93.00 1500 -42.85198
95   94.00 1500 -42.75366
96   95.00 1500 -42.65586
97   96.00 1500 -42.55856
98   97.00 1500 -42.46177
99   98.00 1500 -42.36548
100  99.00 1500 -42.26968
101 100.00 1500 -42.22946
102 101.00 1500 -42.13536
103 102.00 1500 -42.04148
104 103.00 1500 -41.94803
105 104.00 1500 -41.85502
106 105.00 1500 -41.76244
107 106.00 1500 -41.67030
108 107.00 1500 -41.57865
109 108.00 1500 -41.48744
110 109.00 1500 -41.39664
111 110.00 1500 -41.30620
112 111.00 1500 -41.21632
113 112.00 1500 -41.12671
114 113.00 1500 -41.03752
115 114.00 1500 -40.94874
116 115.00 1500 -40.86038
117 116.00 1500 -40.77257
118 117.00 1500 -40.68509
119 118.00 1500 -40.59796
120 119.00 1500 -40.51122
121 120.00 1500 -40.42489
122 121.00 1500 -40.33896
123 122.00 1500 -40.25343
124 123.00 1500 -40.16836
125 124.00 1500 -40.08362
126 125.00 1500 -39.99927
127 126.00 1500 -39.91531
128 127.00 1500 -39.83188
129 128.00 1500 -39.74869
130 129.00 1500 -39.66596
131 130.00 1500 -39.58354
132 131.00 1500 -39.50150
133 132.00 1500 -39.41985
134 133.00 1500 -39.33864
135 134.00 1500 -39.25773
136 135.00 1500 -39.17720
137 136.00 1500 -39.09704
138 137.00 1500 -39.01725
139 138.00 1500 -38.93783
140 139.00 1500 -38.85877
141 140.00 1500 -38.78001
142 141.00 1500 -38.70167
143 142.00 1500 -38.62377
144 143.00 1500 -38.54616
145 144.00 1500 -38.46890
146 145.00 1500 -38.39207
147 146.00 1500 -38.31566
148 147.00 1500 -38.23947
149 148.00 1500 -38.16362
150 149.00 1500 -38.08813
151 150.00 1500 -38.01298
152 151.00 1500 -37.93811
153 152.00 1500 -37.86365
154 153.00 1500 -37.78945
155 154.00 1500 -37.71561
156 155.00 1500 -37.64216
157 156.00 1500 -37.56906
158 157.00 1500 -37.49642
159 158.00 1500 -37.42398
160 159.00 1500 -37.35188
161 160.00 1500 -37.28010
162 161.00 1500 -37.20873
163 162.00 1500 -37.13761
164 163.00 1500 -37.06682
165 164.00 1500 -36.99628
166 165.00 1500 -36.92606
167 166.00 1500 -36.85616
168 167.00 1500 -36.78658
169 168.00 1500 -36.71739
170 169.00 1500 -36.64851
171 170.00 1500 -36.57995
172 171.00 1500 -36.51178
173 172.00 1500 -36.44384
174 173.00 1500 -36.37622
175 174.00 1500 -36.30890
176 175.00 1500 -36.24203
177 176.00 1500 -36.17526
178 177.00 1500 -36.10872
179 178.00 1500 -36.04256
180 179.00 1500 -35.97669
181 180.00 1500 -35.91113
182 181.00 1500 -35.84593
183 182.00 1500 -35.78103
184 183.00 1500 -35.71656
185 184.00 1500 -35.65225
186 185.00 1500 -35.58830
187 186.00 1500 -35.52458
188 187.00 1500 -35.46115
189 188.00 1500 -35.39787
190 189.00 1500 -35.33488
191 190.00 1500 -35.27217
192 191.00 1500 -35.20982
193 192.00 1500 -35.14782
194 193.00 1500 -35.08609
195 194.00 1500 -35.02465
196 195.00 1500 -34.96349
197 196.00 1500 -34.90261
198 197.00 1500 -34.84214
199 198.00 1500 -34.78181
200 199.00 1500 -34.72162
201 200.00 1500 -34.66177
202 201.00 1500 -34.60213
203 202.00 1500 -34.54296
204 203.00 1500 -34.48386
205 204.00 1500 -34.42510
206 205.00 1500 -34.36666
207 206.00 1500 -34.30849
208 207.00 1500 -34.25059
209 208.00 1500 -34.19295
210 209.00 1500 -34.13557
211 210.00 1500 -34.07831
212 211.00 1500 -34.02159
213 212.00 1500 -33.96485
214 213.00 1500 -33.90851
215 214.00 1500 -33.85229
216 215.00 1500 -33.79632
217 216.00 1500 -33.74068
218 217.00 1500 -33.68535
219 218.00 1500 -33.63027
220 219.00 1500 -33.57544
221 220.00 1500 -33.52093
222 221.00 1500 -33.46660
223 222.00 1500 -33.41238
224 223.00 1500 -33.35841
225 224.00 1500 -33.30468
226 225.00 1500 -33.25119
227 226.00 1500 -33.19802
228 227.00 1500 -33.14501
229 228.00 1500 -33.09251
230 229.00 1500 -33.04012
231 230.00 1500 -32.98796
232 231.00 1500 -32.93617
233 232.00 1500 -32.88435
234 233.00 1500 -32.83276
235 234.00 1500 -32.78141
236 235.00 1500 -32.73056
237 236.00 1500 -32.67967
238 237.00 1500 -32.62901
239 238.00 1500 -32.57857
240 239.00 1500 -32.52850
241 240.00 1500 -32.47865
242 241.00 1500 -32.42888
243 242.00 1500 -32.37935
244 243.00 1500 -32.33030
245 244.00 1500 -32.28120
246 245.00 1500 -32.23233
247 246.00 1500 -32.18381
248 247.00 1500 -32.13538
249 248.00 1500 -32.08717
250 249.00 1500 -32.03917
251 250.00 1500 -31.99151
252 251.00 1500 -31.94420
253 252.00 1500 -31.89711
254 253.00 1500 -31.84995
255 254.00 1500 -31.80301
256 255.00 1500 -31.75628
257 256.00 1500 -31.70976
258 257.00 1500 -31.66344
259 258.00 1500 -31.61760
260 259.00 1500 -31.57170
261 260.00 1500 -31.52599
262 261.00 1500 -31.48036
263 262.00 1500 -31.43506
264 263.00 1500 -31.39010
265 264.00 1500 -31.34547
266 265.00 1500 -31.30077
267 266.00 1500 -31.25627
268 267.00 1500 -31.21197
269 268.00 1500 -31.16801
270 269.00 1500 -31.12409
271 270.00 1500 -31.08038
272 271.00 1500 -31.03712
273 272.00 1500 -30.99378
274 273.00 1500 -30.95090
275 274.00 1500 -30.90795
276 275.00 1500 -30.86518
277 276.00 1500 -30.82260
278 277.00 1500 -30.78034
279 278.00 1500 -30.73827
280 279.00 1500 -30.69610
281 280.00 1500 -30.65427
282 281.00 1500 -30.61248
283 282.00 1500 -30.57087
284 283.00 1500 -30.52958
285 284.00 1500 -30.48887
286 285.00 1500 -30.44794
287 286.00 1500 -30.40717
288 287.00 1500 -30.36660
289 288.00 1500 -30.32633
290 289.00 1500 -30.28637
291 290.00 1500 -30.24632
292 291.00 1500 -30.20630
293 292.00 1500 -30.16659
294 293.00 1500 -30.12733
295 294.00 1500 -30.08809
296 295.00 1500 -30.04889
297 296.00 1500 -30.00972
298 297.00 1500 -29.97099
299 298.00 1500 -29.93215
300 299.00 1500 -29.89376
301 300.00 1500 -29.85526
302 301.00 1500 -29.81720
303 302.00 1500 -29.77917
304 303.00 1500 -29.74117
305 304.00 1500 -29.70345
306 305.00 1500 -29.66589
307 306.00 1500 -29.62891
308 307.00 1500 -29.59168
309 308.00 1500 -29.55461
310 309.00 1500 -29.51756
311 310.00 1500 -29.48121
312 311.00 1500 -29.44446
313 312.00 1500 -29.40787
314 313.00 1500 -29.37157
315 314.00 1500 -29.33557
316 315.00 1500 -29.29957
317 316.00 1500 -29.26373
318 317.00 1500 -29.22790
319 318.00 1500 -29.19250
320 319.00 1500 -29.15725
321 320.00 1500 -29.12188
322 321.00 1500 -29.08693
323 322.00 1500 -29.05186
324 323.00 1500 -29.01707
325 324.00 1500 -28.98242
326 325.00 1500 -28.94819
327 326.00 1500 -28.91396
328 327.00 1500 -28.87961
329 328.00 1500 -28.84539
330 329.00 1500 -28.81172
331 330.00 1500 -28.77765
332 331.00 1500 -28.74400
333 332.00 1500 -28.71033
334 333.00 1500 -28.67724
335 334.00 1500 -28.64401
336 335.00 1500 -28.61076
337 336.00 1500 -28.57795
338 337.00 1500 -28.54527
339 338.00 1500 -28.51244
340 339.00 1500 -28.48003
341 340.00 1500 -28.44763
342 341.00 1500 -28.41534
343 342.00 1500 -28.38306
344 343.00 1500 -28.35134
345 344.00 1500 -28.31915
346 345.00 1500 -28.28710
347 346.00 1500 -28.25592
348 347.00 1500 -28.22413
349 348.00 1500 -28.19262
350 349.00 1500 -28.16167
351 350.00 1500 -28.13042
352 351.00 1500 -28.09945
353 352.00 1500 -28.06874
354 353.00 1500 -28.03801
355 354.00 1500 -28.00742
356 355.00 1500 -27.97710
357 356.00 1500 -27.94690
358 357.00 1500 -27.91654
359 358.00 1500 -27.88659
360 359.00 1500 -27.85646
361 360.00 1500 -27.82617
362 361.00 1500 -27.79659
363 362.00 1500 -27.76670
364 363.00 1500 -27.73722
365 364.00 1500 -27.70799
366 365.00 1500 -27.67845
367 366.00 1500 -27.64934
368 367.00 1500 -27.62047
369 368.00 1500 -27.59175
370 369.00 1500 -27.56283
371 370.00 1500 -27.53433
372 371.00 1500 -27.50596
373 372.00 1500 -27.47740
374 373.00 1500 -27.44955
375 374.00 1500 -27.42123
376 375.00 1500 -27.39285
377 376.00 1500 -27.36521
378 377.00 1500 -27.33692
379 378.00 1500 -27.30951
380 379.00 1500 -27.28160
381 380.00 1500 -27.25366
382 381.00 1500 -27.22659
383 382.00 1500 -27.19903
384 383.00 1500 -27.17204
385 384.00 1500 -27.14499
386 385.00 1500 -27.11791
387 386.00 1500 -27.09122
388 387.00 1500 -27.06436
389 388.00 1500 -27.03776
390 389.00 1500 -27.01127
391 390.00 1500 -26.98442
392 391.00 1500 -26.95847
393 392.00 1500 -26.93199
394 393.00 1500 -26.90626
395 394.00 1500 -26.88000
396 395.00 1500 -26.85403
397 396.00 1500 -26.82831
398 397.00 1500 -26.80271
399 398.00 1500 -26.77719
400 399.00 1500 -26.75134
401 400.00 1500 -26.72606
402 401.00 1500 -26.70101
403 402.00 1500 -26.67610
404 403.00 1500 -26.65126
405 404.00 1500 -26.62657
406 405.00 1500 -26.60130
407 406.00 1500 -26.57712
408 407.00 1500 -26.55206
409 408.00 1500 -26.52808
410 409.00 1500 -26.50325
411 410.00 1500 -26.47917
412 411.00 1500 -26.45485
413 412.00 1500 -26.43064
414 413.00 1500 -26.40652
415 414.00 1500 -26.38186
416 415.00 1500 -26.35830
417 416.00 1500 -26.33414
418 417.00 1500 -26.31080
419 418.00 1500 -26.28685
420 419.00 1500 -26.26400
421 420.00 1500 -26.24027
422 421.00 1500 -26.21762
423 422.00 1500 -26.19409
424 423.00 1500 -26.17164
425 424.00 1500 -26.14831
426 425.00 1500 -26.12608
427 426.00 1500 -26.10294
428 427.00 1500 -26.08027
429 428.00 1500 -26.05832
430 429.00 1500 -26.03549
431 430.00 1500 -26.01375
432 431.00 1500 -25.99112
433 432.00 1500 -25.96958
434 433.00 1500 -25.94678
435 434.00 1500 -25.92543
436 435.00 1500 -25.90277
437 436.00 1500 -25.88161
438 437.00 1500 -25.85914
439 438.00 1500 -25.83818
440 439.00 1500 -25.81629
441 440.00 1500 -25.79514
442 441.00 1500 -25.77344
443 442.00 1500 -25.75217
444 443.00 1500 -25.73100
445 444.00 1500 -25.70992
446 445.00 1500 -25.68893
447 446.00 1500 -25.66843
448 447.00 1500 -25.64726
449 448.00 1500 -25.62694
450 449.00 1500 -25.60667
451 450.00 1500 -25.58585
452 451.00 1500 -25.56613
453 452.00 1500 -25.54512
454 453.00 1500 -25.52561
455 454.00 1500 -25.50511
456 455.00 1500 -25.48576
457 456.00 1500 -25.46547
458 457.00 1500 -25.44631
459 458.00 1500 -25.42657
460 459.00 1500 -25.40641
461 460.00 1500 -25.38686
462 461.00 1500 -25.36689
463 462.00 1500 -25.34752
464 463.00 1500 -25.32894
465 464.00 1500 -25.30857
466 465.00 1500 -25.29016
467 466.00 1500 -25.27031
468 467.00 1500 -25.25209
469 468.00 1500 -25.23278
470 469.00 1500 -25.21439
471 470.00 1500 -25.19644
472 471.00 1500 -25.17707
473 472.00 1500 -25.15929
474 473.00 1500 -25.14011
475 474.00 1500 -25.12252
476 475.00 1500 -25.10351
477 476.00 1500 -25.08519
478 477.00 1500 -25.06753
479 478.00 1500 -25.04915
480 479.00 1500 -25.03076
481 480.00 1500 -25.01297
482 481.00 1500 -24.99526
483 482.00 1500 -24.97749
484 483.00 1500 -24.95922
485 484.00 1500 -24.94254
486 485.00 1500 -24.92396
487 486.00 1500 -24.90704
488 487.00 1500 -24.88989
489 488.00 1500 -24.87266
490 489.00 1500 -24.85602
491 490.00 1500 -24.83913
492 491.00 1500 -24.82306
493 492.00 1500 -24.80506
494 493.00 1500 -24.78917
495 494.00 1500 -24.77297
496 495.00 1500 -24.75563
497 496.00 1500 -24.74002
498 497.00 1500 -24.72370
499 498.00 1500 -24.70738
500 499.00 1500 -24.69164
501 500.00 1500 -24.67597

