$reaction
    coeff    name formula state ispecies
926    -1 methane     CH4    aq      926
1      -3   water     H2O   liq        1
13      1   HCO3-   HCO3-    aq       13
3       1      H+      H+    aq        3
63      4      H2      H2    aq       63

$out
         T    P      logK
1     0.01 1500 -44.95005
2     1.00 1500 -44.79706
3     2.00 1500 -44.64292
4     3.00 1500 -44.48920
5     4.00 1500 -44.33593
6     5.00 1500 -44.18315
7     6.00 1500 -44.03087
8     7.00 1500 -43.87913
9     8.00 1500 -43.72794
10    9.00 1500 -43.57732
11   10.00 1500 -43.42728
12   11.00 1500 -43.27785
13   12.00 1500 -43.12903
14   13.00 1500 -42.98083
15   14.00 1500 -42.83328
16   15.00 1500 -42.68636
17   16.00 1500 -42.54010
18   17.00 1500 -42.39450
19   18.00 1500 -42.24957
20   19.00 1500 -42.10531
21   20.00 1500 -41.96172
22   21.00 1500 -41.81881
23   22.00 1500 -41.67659
24   23.00 1500 -41.53505
25   24.00 1500 -41.39420
26   25.00 1500 -41.25404
27   26.00 1500 -41.11457
28   27.00 1500 -40.97580
29   28.00 1500 -40.83771
30   29.00 1500 -40.70031
31   30.00 1500 -40.56361
32   31.00 1500 -40.42759
33   32.00 1500 -40.29226
34   33.00 1500 -40.15763
35   34.00 1500 -40.02367
36   35.00 1500 -39.89040
37   36.00 1500 -39.75782
38   37.00 1500 -39.62591
39   38.00 1500 -39.49469
40   39.00 1500 -39.36414
41   40.00 1500 -39.23426
42   41.00 1500 -39.10505
43   42.00 1500 -38.97651
44   43.00 1500 -38.84863
45   44.00 1500 -38.72142
46   45.00 1500 -38.59487
47   46.00 1500 -38.46897
48   47.00 1500 -38.34372
49   48.00 1500 -38.21912
50   49.00 1500 -38.09517
51   50.00 1500 -37.97185
52   51.00 1500 -37.84918
53   52.00 1500 -37.72714
54   53.00 1500 -37.60573
55   54.00 1500 -37.48495
56   55.00 1500 -37.36480
57   56.00 1500 -37.24526
58   57.00 1500 -37.12634
59   58.00 1500 -37.00803
60   59.00 1500 -36.89033
61   60.00 1500 -36.77324
62   61.00 1500 -36.65675
63   62.00 1500 -36.54085
64   63.00 1500 -36.42555
65   64.00 1500 -36.31084
66   65.00 1500 -36.19672
67   66.00 1500 -36.08318
68   67.00 1500 -35.97022
69   68.00 1500 -35.85783
70   69.00 1500 -35.74601
71   70.00 1500 -35.63476
72   71.00 1500 -35.52408
73   72.00 1500 -35.41395
74   73.00 1500 -35.30438
75   74.00 1500 -35.19537
76   75.00 1500 -35.08690
77   76.00 1500 -34.97898
78   77.00 1500 -34.87159
79   78.00 1500 -34.76475
80   79.00 1500 -34.65844
81   80.00 1500 -34.55266
82   81.00 1500 -34.44741
83   82.00 1500 -34.34268
84   83.00 1500 -34.23847
85   84.00 1500 -34.13478
86   85.00 1500 -34.03160
87   86.00 1500 -33.92893
88   87.00 1500 -33.82676
89   88.00 1500 -33.72510
90   89.00 1500 -33.62394
91   90.00 1500 -33.52327
92   91.00 1500 -33.42309
93   92.00 1500 -33.32340
94   93.00 1500 -33.22420
95   94.00 1500 -33.12548
96   95.00 1500 -33.02724
97   96.00 1500 -32.92947
98   97.00 1500 -32.83218
99   98.00 1500 -32.73535
100  99.00 1500 -32.63899
101 100.00 1500 -32.53796
102 101.00 1500 -32.44328
103 102.00 1500 -32.34883
104 103.00 1500 -32.25481
105 104.00 1500 -32.16121
106 105.00 1500 -32.06804
107 106.00 1500 -31.97529
108 107.00 1500 -31.88303
109 108.00 1500 -31.79119
110 109.00 1500 -31.69977
111 110.00 1500 -31.60868
112 111.00 1500 -31.51815
113 112.00 1500 -31.42788
114 113.00 1500 -31.33801
115 114.00 1500 -31.24854
116 115.00 1500 -31.15948
117 116.00 1500 -31.07096
118 117.00 1500 -30.98276
119 118.00 1500 -30.89488
120 119.00 1500 -30.80739
121 120.00 1500 -30.72029
122 121.00 1500 -30.63357
123 122.00 1500 -30.54724
124 123.00 1500 -30.46136
125 124.00 1500 -30.37578
126 125.00 1500 -30.29058
127 126.00 1500 -30.20576
128 127.00 1500 -30.12144
129 128.00 1500 -30.03736
130 129.00 1500 -29.95371
131 130.00 1500 -29.87035
132 131.00 1500 -29.78736
133 132.00 1500 -29.70473
134 133.00 1500 -29.62253
135 134.00 1500 -29.54062
136 135.00 1500 -29.45906
137 136.00 1500 -29.37785
138 137.00 1500 -29.29699
139 138.00 1500 -29.21648
140 139.00 1500 -29.13631
141 140.00 1500 -29.05642
142 141.00 1500 -28.97693
143 142.00 1500 -28.89786
144 143.00 1500 -28.81905
145 144.00 1500 -28.74058
146 145.00 1500 -28.66251
147 146.00 1500 -28.58485
148 147.00 1500 -28.50737
149 148.00 1500 -28.43023
150 149.00 1500 -28.35341
151 150.00 1500 -28.27691
152 151.00 1500 -28.20067
153 152.00 1500 -28.12481
154 153.00 1500 -28.04920
155 154.00 1500 -27.97391
156 155.00 1500 -27.89900
157 156.00 1500 -27.82441
158 157.00 1500 -27.75026
159 158.00 1500 -27.67629
160 159.00 1500 -27.60262
161 160.00 1500 -27.52926
162 161.00 1500 -27.45627
163 162.00 1500 -27.38352
164 163.00 1500 -27.31107
165 164.00 1500 -27.23884
166 165.00 1500 -27.16692
167 166.00 1500 -27.09528
168 167.00 1500 -27.02394
169 168.00 1500 -26.95296
170 169.00 1500 -26.88227
171 170.00 1500 -26.81187
172 171.00 1500 -26.74183
173 172.00 1500 -26.67200
174 173.00 1500 -26.60246
175 174.00 1500 -26.53320
176 175.00 1500 -26.46436
177 176.00 1500 -26.39559
178 177.00 1500 -26.32703
179 178.00 1500 -26.25881
180 179.00 1500 -26.19087
181 180.00 1500 -26.12320
182 181.00 1500 -26.05587
183 182.00 1500 -25.98881
184 183.00 1500 -25.92216
185 184.00 1500 -25.85563
186 185.00 1500 -25.78944
187 186.00 1500 -25.72345
188 187.00 1500 -25.65772
189 188.00 1500 -25.59211
190 189.00 1500 -25.52677
191 190.00 1500 -25.46168
192 191.00 1500 -25.39692
193 192.00 1500 -25.33248
194 193.00 1500 -25.26829
195 194.00 1500 -25.20436
196 195.00 1500 -25.14068
197 196.00 1500 -25.07725
198 197.00 1500 -25.01420
199 198.00 1500 -24.95127
200 199.00 1500 -24.88844
201 200.00 1500 -24.82593
202 201.00 1500 -24.76359
203 202.00 1500 -24.70171
204 203.00 1500 -24.63986
205 204.00 1500 -24.57831
206 205.00 1500 -24.51707
207 206.00 1500 -24.45607
208 207.00 1500 -24.39530
209 208.00 1500 -24.33477
210 209.00 1500 -24.27447
211 210.00 1500 -24.21427
212 211.00 1500 -24.15457
213 212.00 1500 -24.09483
214 213.00 1500 -24.03545
215 214.00 1500 -23.97617
216 215.00 1500 -23.91711
217 216.00 1500 -23.85835
218 217.00 1500 -23.79987
219 218.00 1500 -23.74162
220 219.00 1500 -23.68359
221 220.00 1500 -23.62584
222 221.00 1500 -23.56825
223 222.00 1500 -23.51074
224 223.00 1500 -23.45345
225 224.00 1500 -23.39638
226 225.00 1500 -23.33952
227 226.00 1500 -23.28294
228 227.00 1500 -23.22651
229 228.00 1500 -23.17056
230 229.00 1500 -23.11468
231 230.00 1500 -23.05901
232 231.00 1500 -23.00368
233 232.00 1500 -22.94830
234 233.00 1500 -22.89312
235 234.00 1500 -22.83814
236 235.00 1500 -22.78364
237 236.00 1500 -22.72907
238 237.00 1500 -22.67471
239 238.00 1500 -22.62055
240 239.00 1500 -22.56672
241 240.00 1500 -22.51308
242 241.00 1500 -22.45951
243 242.00 1500 -22.40614
244 243.00 1500 -22.35323
245 244.00 1500 -22.30025
246 245.00 1500 -22.24746
247 246.00 1500 -22.19501
248 247.00 1500 -22.14261
249 248.00 1500 -22.09041
250 249.00 1500 -22.03839
251 250.00 1500 -21.98670
252 251.00 1500 -21.93532
253 252.00 1500 -21.88414
254 253.00 1500 -21.83287
255 254.00 1500 -21.78179
256 255.00 1500 -21.73089
257 256.00 1500 -21.68018
258 257.00 1500 -21.62965
259 258.00 1500 -21.57957
260 259.00 1500 -21.52941
261 260.00 1500 -21.47942
262 261.00 1500 -21.42948
263 262.00 1500 -21.37985
264 263.00 1500 -21.33054
265 264.00 1500 -21.28153
266 265.00 1500 -21.23243
267 266.00 1500 -21.18351
268 267.00 1500 -21.13476
269 268.00 1500 -21.08633
270 269.00 1500 -21.03793
271 270.00 1500 -20.98971
272 271.00 1500 -20.94191
273 272.00 1500 -20.89402
274 273.00 1500 -20.84657
275 274.00 1500 -20.79902
276 275.00 1500 -20.75164
277 276.00 1500 -20.70442
278 277.00 1500 -20.65750
279 278.00 1500 -20.61075
280 279.00 1500 -20.56390
281 280.00 1500 -20.51734
282 281.00 1500 -20.47082
283 282.00 1500 -20.42445
284 283.00 1500 -20.37838
285 284.00 1500 -20.33288
286 285.00 1500 -20.28713
287 286.00 1500 -20.24154
288 287.00 1500 -20.19612
289 288.00 1500 -20.15098
290 289.00 1500 -20.10614
291 290.00 1500 -20.06118
292 291.00 1500 -20.01625
293 292.00 1500 -19.97159
294 293.00 1500 -19.92737
295 294.00 1500 -19.88317
296 295.00 1500 -19.83898
297 296.00 1500 -19.79480
298 297.00 1500 -19.75105
299 298.00 1500 -19.70718
300 299.00 1500 -19.66373
301 300.00 1500 -19.62016
302 301.00 1500 -19.57701
303 302.00 1500 -19.53388
304 303.00 1500 -19.49076
305 304.00 1500 -19.44792
306 305.00 1500 -19.40522
307 306.00 1500 -19.36308
308 307.00 1500 -19.32067
309 308.00 1500 -19.27841
310 309.00 1500 -19.23616
311 310.00 1500 -19.19459
312 311.00 1500 -19.15262
313 312.00 1500 -19.11078
314 313.00 1500 -19.06923
315 314.00 1500 -19.02795
316 315.00 1500 -18.98667
317 316.00 1500 -18.94554
318 317.00 1500 -18.90441
319 318.00 1500 -18.86369
320 319.00 1500 -18.82311
321 320.00 1500 -18.78239
322 321.00 1500 -18.74208
323 322.00 1500 -18.70164
324 323.00 1500 -18.66147
325 324.00 1500 -18.62143
326 325.00 1500 -18.58180
327 326.00 1500 -18.54217
328 327.00 1500 -18.50239
329 328.00 1500 -18.46274
330 329.00 1500 -18.42363
331 330.00 1500 -18.38410
332 331.00 1500 -18.34498
333 332.00 1500 -18.30585
334 333.00 1500 -18.26726
335 334.00 1500 -18.22854
336 335.00 1500 -18.18979
337 336.00 1500 -18.15146
338 337.00 1500 -18.11326
339 338.00 1500 -18.07490
340 339.00 1500 -18.03695
341 340.00 1500 -17.99899
342 341.00 1500 -17.96115
343 342.00 1500 -17.92330
344 343.00 1500 -17.88600
345 344.00 1500 -17.84823
346 345.00 1500 -17.81059
347 346.00 1500 -17.77380
348 347.00 1500 -17.73640
349 348.00 1500 -17.69928
350 349.00 1500 -17.66270
351 350.00 1500 -17.62581
352 351.00 1500 -17.58920
353 352.00 1500 -17.55284
354 353.00 1500 -17.51646
355 354.00 1500 -17.48020
356 355.00 1500 -17.44421
357 356.00 1500 -17.40833
358 357.00 1500 -17.37228
359 358.00 1500 -17.33664
360 359.00 1500 -17.30081
361 360.00 1500 -17.26481
362 361.00 1500 -17.22951
363 362.00 1500 -17.19390
364 363.00 1500 -17.15869
365 364.00 1500 -17.12373
366 365.00 1500 -17.08845
367 366.00 1500 -17.05359
368 367.00 1500 -17.01897
369 368.00 1500 -16.98448
370 369.00 1500 -16.94980
371 370.00 1500 -16.91552
372 371.00 1500 -16.88136
373 372.00 1500 -16.84702
374 373.00 1500 -16.81338
375 374.00 1500 -16.77925
376 375.00 1500 -16.74507
377 376.00 1500 -16.71162
378 377.00 1500 -16.67751
379 378.00 1500 -16.64428
380 379.00 1500 -16.61054
381 380.00 1500 -16.57676
382 381.00 1500 -16.54386
383 382.00 1500 -16.51044
384 383.00 1500 -16.47760
385 384.00 1500 -16.44469
386 385.00 1500 -16.41175
387 386.00 1500 -16.37919
388 387.00 1500 -16.34645
389 388.00 1500 -16.31396
390 389.00 1500 -16.28158
391 390.00 1500 -16.24884
392 391.00 1500 -16.21699
393 392.00 1500 -16.18461
394 393.00 1500 -16.15297
395 394.00 1500 -16.12079
396 395.00 1500 -16.08890
397 396.00 1500 -16.05724
398 397.00 1500 -16.02571
399 398.00 1500 -15.99425
400 399.00 1500 -15.96246
401 400.00 1500 -15.93122
402 401.00 1500 -15.90022
403 402.00 1500 -15.86934
404 403.00 1500 -15.83854
405 404.00 1500 -15.80787
406 405.00 1500 -15.77663
407 406.00 1500 -15.74645
408 407.00 1500 -15.71541
409 408.00 1500 -15.68543
410 409.00 1500 -15.65460
411 410.00 1500 -15.62451
412 411.00 1500 -15.59418
413 412.00 1500 -15.56394
414 413.00 1500 -15.53380
415 414.00 1500 -15.50311
416 415.00 1500 -15.47351
417 416.00 1500 -15.44332
418 417.00 1500 -15.41392
419 418.00 1500 -15.38392
420 419.00 1500 -15.35501
421 420.00 1500 -15.32521
422 421.00 1500 -15.29649
423 422.00 1500 -15.26688
424 423.00 1500 -15.23835
425 424.00 1500 -15.20893
426 425.00 1500 -15.18059
427 426.00 1500 -15.15136
428 427.00 1500 -15.12257
429 428.00 1500 -15.09451
430 429.00 1500 -15.06557
431 430.00 1500 -15.03770
432 431.00 1500 -15.00894
433 432.00 1500 -14.98125
434 433.00 1500 -14.95231
435 434.00 1500 -14.92481
436 435.00 1500 -14.89599
437 436.00 1500 -14.86867
438 437.00 1500 -14.84003
439 438.00 1500 -14.81289
440 439.00 1500 -14.78482
441 440.00 1500 -14.75748
442 441.00 1500 -14.72959
443 442.00 1500 -14.70212
444 443.00 1500 -14.67473
445 444.00 1500 -14.64744
446 445.00 1500 -14.62023
447 446.00 1500 -14.59350
448 447.00 1500 -14.56610
449 448.00 1500 -14.53954
450 449.00 1500 -14.51301
451 450.00 1500 -14.48594
452 451.00 1500 -14.45997
453 452.00 1500 -14.43270
454 453.00 1500 -14.40690
455 454.00 1500 -14.38013
456 455.00 1500 -14.35450
457 456.00 1500 -14.32790
458 457.00 1500 -14.30245
459 458.00 1500 -14.27640
460 459.00 1500 -14.24993
461 460.00 1500 -14.22406
462 461.00 1500 -14.19776
463 462.00 1500 -14.17206
464 463.00 1500 -14.14713
465 464.00 1500 -14.12041
466 465.00 1500 -14.09565
467 466.00 1500 -14.06944
468 467.00 1500 -14.04485
469 468.00 1500 -14.01916
470 469.00 1500 -13.99439
471 470.00 1500 -13.97006
472 471.00 1500 -13.94428
473 472.00 1500 -13.92011
474 473.00 1500 -13.89451
475 474.00 1500 -13.87050
476 475.00 1500 -13.84507
477 476.00 1500 -13.82032
478 477.00 1500 -13.79622
479 478.00 1500 -13.77138
480 479.00 1500 -13.74654
481 480.00 1500 -13.72229
482 481.00 1500 -13.69811
483 482.00 1500 -13.67386
484 483.00 1500 -13.64911
485 484.00 1500 -13.62594
486 485.00 1500 -13.60085
487 486.00 1500 -13.57743
488 487.00 1500 -13.55376
489 488.00 1500 -13.53001
490 489.00 1500 -13.50684
491 490.00 1500 -13.48342
492 491.00 1500 -13.46081
493 492.00 1500 -13.43624
494 493.00 1500 -13.41380
495 494.00 1500 -13.39103
496 495.00 1500 -13.36712
497 496.00 1500 -13.34492
498 497.00 1500 -13.32201
499 498.00 1500 -13.29908
500 499.00 1500 -13.27674
501 500.00 1500 -13.25445

