$reaction
     coeff    name formula state ispecies
926     -1 methane     CH4    aq      926
1       -2   water     H2O   liq        1
1127     1 formate   HCOO-    aq     1127
3        1      H+      H+    aq        3
63       3      H2      H2    aq       63

$out
         T    P      logK
1     0.01 1500 -41.25298
2     1.00 1500 -41.10515
3     2.00 1500 -40.95656
4     3.00 1500 -40.80872
5     4.00 1500 -40.66162
6     5.00 1500 -40.51529
7     6.00 1500 -40.36972
8     7.00 1500 -40.22493
9     8.00 1500 -40.08091
10    9.00 1500 -39.93768
11   10.00 1500 -39.79523
12   11.00 1500 -39.65356
13   12.00 1500 -39.51269
14   13.00 1500 -39.37260
15   14.00 1500 -39.23330
16   15.00 1500 -39.09479
17   16.00 1500 -38.95706
18   17.00 1500 -38.82012
19   18.00 1500 -38.68395
20   19.00 1500 -38.54857
21   20.00 1500 -38.41397
22   21.00 1500 -38.28014
23   22.00 1500 -38.14709
24   23.00 1500 -38.01480
25   24.00 1500 -37.88327
26   25.00 1500 -37.75251
27   26.00 1500 -37.62250
28   27.00 1500 -37.49325
29   28.00 1500 -37.36475
30   29.00 1500 -37.23698
31   30.00 1500 -37.10996
32   31.00 1500 -36.98368
33   32.00 1500 -36.85812
34   33.00 1500 -36.73329
35   34.00 1500 -36.60918
36   35.00 1500 -36.48579
37   36.00 1500 -36.36311
38   37.00 1500 -36.24114
39   38.00 1500 -36.11987
40   39.00 1500 -35.99929
41   40.00 1500 -35.87941
42   41.00 1500 -35.76021
43   42.00 1500 -35.64170
44   43.00 1500 -35.52386
45   44.00 1500 -35.40670
46   45.00 1500 -35.29020
47   46.00 1500 -35.17437
48   47.00 1500 -35.05919
49   48.00 1500 -34.94467
50   49.00 1500 -34.83079
51   50.00 1500 -34.71755
52   51.00 1500 -34.60496
53   52.00 1500 -34.49299
54   53.00 1500 -34.38166
55   54.00 1500 -34.27095
56   55.00 1500 -34.16085
57   56.00 1500 -34.05137
58   57.00 1500 -33.94250
59   58.00 1500 -33.83424
60   59.00 1500 -33.72657
61   60.00 1500 -33.61950
62   61.00 1500 -33.51302
63   62.00 1500 -33.40712
64   63.00 1500 -33.30181
65   64.00 1500 -33.19707
66   65.00 1500 -33.09291
67   66.00 1500 -32.98931
68   67.00 1500 -32.88628
69   68.00 1500 -32.78381
70   69.00 1500 -32.68189
71   70.00 1500 -32.58052
72   71.00 1500 -32.47970
73   72.00 1500 -32.37942
74   73.00 1500 -32.27968
75   74.00 1500 -32.18047
76   75.00 1500 -32.08179
77   76.00 1500 -31.98364
78   77.00 1500 -31.88601
79   78.00 1500 -31.78890
80   79.00 1500 -31.69230
81   80.00 1500 -31.59621
82   81.00 1500 -31.50062
83   82.00 1500 -31.40554
84   83.00 1500 -31.31096
85   84.00 1500 -31.21687
86   85.00 1500 -31.12327
87   86.00 1500 -31.03016
88   87.00 1500 -30.93753
89   88.00 1500 -30.84538
90   89.00 1500 -30.75370
91   90.00 1500 -30.66250
92   91.00 1500 -30.57177
93   92.00 1500 -30.48150
94   93.00 1500 -30.39169
95   94.00 1500 -30.30234
96   95.00 1500 -30.21345
97   96.00 1500 -30.12501
98   97.00 1500 -30.03701
99   98.00 1500 -29.94946
100  99.00 1500 -29.86235
101 100.00 1500 -29.78158
102 101.00 1500 -29.69585
103 102.00 1500 -29.61038
104 103.00 1500 -29.52532
105 104.00 1500 -29.44067
106 105.00 1500 -29.35643
107 106.00 1500 -29.27258
108 107.00 1500 -29.18919
109 108.00 1500 -29.10618
110 109.00 1500 -29.02357
111 110.00 1500 -28.94131
112 111.00 1500 -28.85952
113 112.00 1500 -28.77803
114 113.00 1500 -28.69692
115 114.00 1500 -28.61618
116 115.00 1500 -28.53583
117 116.00 1500 -28.45595
118 117.00 1500 -28.37639
119 118.00 1500 -28.29716
120 119.00 1500 -28.21829
121 120.00 1500 -28.13979
122 121.00 1500 -28.06165
123 122.00 1500 -27.98387
124 123.00 1500 -27.90650
125 124.00 1500 -27.82944
126 125.00 1500 -27.75273
127 126.00 1500 -27.67637
128 127.00 1500 -27.60046
129 128.00 1500 -27.52480
130 129.00 1500 -27.44953
131 130.00 1500 -27.37455
132 131.00 1500 -27.29992
133 132.00 1500 -27.22562
134 133.00 1500 -27.15171
135 134.00 1500 -27.07808
136 135.00 1500 -27.00479
137 136.00 1500 -26.93183
138 137.00 1500 -26.85919
139 138.00 1500 -26.78688
140 139.00 1500 -26.71490
141 140.00 1500 -26.64318
142 141.00 1500 -26.57184
143 142.00 1500 -26.50085
144 143.00 1500 -26.43014
145 144.00 1500 -26.35974
146 145.00 1500 -26.28970
147 146.00 1500 -26.22001
148 147.00 1500 -26.15054
149 148.00 1500 -26.08138
150 149.00 1500 -26.01252
151 150.00 1500 -25.94396
152 151.00 1500 -25.87565
153 152.00 1500 -25.80769
154 153.00 1500 -25.73998
155 154.00 1500 -25.67257
156 155.00 1500 -25.60549
157 156.00 1500 -25.53871
158 157.00 1500 -25.47230
159 158.00 1500 -25.40610
160 159.00 1500 -25.34018
161 160.00 1500 -25.27454
162 161.00 1500 -25.20923
163 162.00 1500 -25.14416
164 163.00 1500 -25.07937
165 164.00 1500 -25.01481
166 165.00 1500 -24.95052
167 166.00 1500 -24.88651
168 167.00 1500 -24.82277
169 168.00 1500 -24.75935
170 169.00 1500 -24.69619
171 170.00 1500 -24.63331
172 171.00 1500 -24.57074
173 172.00 1500 -24.50839
174 173.00 1500 -24.44630
175 174.00 1500 -24.38447
176 175.00 1500 -24.32299
177 176.00 1500 -24.26164
178 177.00 1500 -24.20050
179 178.00 1500 -24.13965
180 179.00 1500 -24.07907
181 180.00 1500 -24.01873
182 181.00 1500 -23.95870
183 182.00 1500 -23.89891
184 183.00 1500 -23.83946
185 184.00 1500 -23.78017
186 185.00 1500 -23.72117
187 186.00 1500 -23.66237
188 187.00 1500 -23.60381
189 188.00 1500 -23.54540
190 189.00 1500 -23.48724
191 190.00 1500 -23.42931
192 191.00 1500 -23.37167
193 192.00 1500 -23.31431
194 193.00 1500 -23.25718
195 194.00 1500 -23.20028
196 195.00 1500 -23.14362
197 196.00 1500 -23.08719
198 197.00 1500 -23.03108
199 198.00 1500 -22.97511
200 199.00 1500 -22.91927
201 200.00 1500 -22.86370
202 201.00 1500 -22.80832
203 202.00 1500 -22.75330
204 203.00 1500 -22.69836
205 204.00 1500 -22.64369
206 205.00 1500 -22.58928
207 206.00 1500 -22.53510
208 207.00 1500 -22.48113
209 208.00 1500 -22.42737
210 209.00 1500 -22.37384
211 210.00 1500 -22.32042
212 211.00 1500 -22.26740
213 212.00 1500 -22.21441
214 213.00 1500 -22.16172
215 214.00 1500 -22.10916
216 215.00 1500 -22.05680
217 216.00 1500 -22.00469
218 217.00 1500 -21.95284
219 218.00 1500 -21.90119
220 219.00 1500 -21.84974
221 220.00 1500 -21.79854
222 221.00 1500 -21.74750
223 222.00 1500 -21.69657
224 223.00 1500 -21.64584
225 224.00 1500 -21.59531
226 225.00 1500 -21.54498
227 226.00 1500 -21.49489
228 227.00 1500 -21.44495
229 228.00 1500 -21.39538
230 229.00 1500 -21.34592
231 230.00 1500 -21.29665
232 231.00 1500 -21.24766
233 232.00 1500 -21.19868
234 233.00 1500 -21.14990
235 234.00 1500 -21.10130
236 235.00 1500 -21.05307
237 236.00 1500 -21.00485
238 237.00 1500 -20.95682
239 238.00 1500 -20.90897
240 239.00 1500 -20.86139
241 240.00 1500 -20.81400
242 241.00 1500 -20.76669
243 242.00 1500 -20.71957
244 243.00 1500 -20.67281
245 244.00 1500 -20.62605
246 245.00 1500 -20.57947
247 246.00 1500 -20.53316
248 247.00 1500 -20.48693
249 248.00 1500 -20.44088
250 249.00 1500 -20.39501
251 250.00 1500 -20.34940
252 251.00 1500 -20.30405
253 252.00 1500 -20.25888
254 253.00 1500 -20.21369
255 254.00 1500 -20.16868
256 255.00 1500 -20.12384
257 256.00 1500 -20.07916
258 257.00 1500 -20.03466
259 258.00 1500 -19.99050
260 259.00 1500 -19.94634
261 260.00 1500 -19.90233
262 261.00 1500 -19.85840
263 262.00 1500 -19.81472
264 263.00 1500 -19.77130
265 264.00 1500 -19.72813
266 265.00 1500 -19.68495
267 266.00 1500 -19.64192
268 267.00 1500 -19.59906
269 268.00 1500 -19.55645
270 269.00 1500 -19.51390
271 270.00 1500 -19.47152
272 271.00 1500 -19.42946
273 272.00 1500 -19.38739
274 273.00 1500 -19.34565
275 274.00 1500 -19.30389
276 275.00 1500 -19.26228
277 276.00 1500 -19.22082
278 277.00 1500 -19.17961
279 278.00 1500 -19.13855
280 279.00 1500 -19.09746
281 280.00 1500 -19.05662
282 281.00 1500 -19.01583
283 282.00 1500 -18.97519
284 283.00 1500 -18.93479
285 284.00 1500 -18.89481
286 285.00 1500 -18.85471
287 286.00 1500 -18.81475
288 287.00 1500 -18.77495
289 288.00 1500 -18.73537
290 289.00 1500 -18.69603
291 290.00 1500 -18.65666
292 291.00 1500 -18.61734
293 292.00 1500 -18.57824
294 293.00 1500 -18.53948
295 294.00 1500 -18.50076
296 295.00 1500 -18.46209
297 296.00 1500 -18.42347
298 297.00 1500 -18.38518
299 298.00 1500 -18.34684
300 299.00 1500 -18.30882
301 300.00 1500 -18.27076
302 301.00 1500 -18.23301
303 302.00 1500 -18.19532
304 303.00 1500 -18.15767
305 304.00 1500 -18.12025
306 305.00 1500 -18.08295
307 306.00 1500 -18.04607
308 307.00 1500 -18.00905
309 308.00 1500 -17.97216
310 309.00 1500 -17.93531
311 310.00 1500 -17.89896
312 311.00 1500 -17.86237
313 312.00 1500 -17.82591
314 313.00 1500 -17.78968
315 314.00 1500 -17.75366
316 315.00 1500 -17.71768
317 316.00 1500 -17.68183
318 317.00 1500 -17.64602
319 318.00 1500 -17.61052
320 319.00 1500 -17.57515
321 320.00 1500 -17.53972
322 321.00 1500 -17.50460
323 322.00 1500 -17.46943
324 323.00 1500 -17.43447
325 324.00 1500 -17.39963
326 325.00 1500 -17.36510
327 326.00 1500 -17.33061
328 327.00 1500 -17.29604
329 328.00 1500 -17.26161
330 329.00 1500 -17.22756
331 330.00 1500 -17.19327
332 331.00 1500 -17.15929
333 332.00 1500 -17.12533
334 333.00 1500 -17.09177
335 334.00 1500 -17.05815
336 335.00 1500 -17.02455
337 336.00 1500 -16.99126
338 337.00 1500 -16.95808
339 338.00 1500 -16.92484
340 339.00 1500 -16.89190
341 340.00 1500 -16.85899
342 341.00 1500 -16.82619
343 342.00 1500 -16.79342
344 343.00 1500 -16.76105
345 344.00 1500 -16.72839
346 345.00 1500 -16.69586
347 346.00 1500 -16.66392
348 347.00 1500 -16.63161
349 348.00 1500 -16.59952
350 349.00 1500 -16.56782
351 350.00 1500 -16.53595
352 351.00 1500 -16.50429
353 352.00 1500 -16.47283
354 353.00 1500 -16.44139
355 354.00 1500 -16.41006
356 355.00 1500 -16.37894
357 356.00 1500 -16.34793
358 357.00 1500 -16.31684
359 358.00 1500 -16.28605
360 359.00 1500 -16.25516
361 360.00 1500 -16.22419
362 361.00 1500 -16.19373
363 362.00 1500 -16.16308
364 363.00 1500 -16.13273
365 364.00 1500 -16.10258
366 365.00 1500 -16.07224
367 366.00 1500 -16.04222
368 367.00 1500 -16.01239
369 368.00 1500 -15.98267
370 369.00 1500 -15.95286
371 370.00 1500 -15.92334
372 371.00 1500 -15.89394
373 372.00 1500 -15.86444
374 373.00 1500 -15.83544
375 374.00 1500 -15.80615
376 375.00 1500 -15.77685
377 376.00 1500 -15.74806
378 377.00 1500 -15.71887
379 378.00 1500 -15.69029
380 379.00 1500 -15.66141
381 380.00 1500 -15.63252
382 381.00 1500 -15.60425
383 382.00 1500 -15.57567
384 383.00 1500 -15.54750
385 384.00 1500 -15.51932
386 385.00 1500 -15.49113
387 386.00 1500 -15.46324
388 387.00 1500 -15.43526
389 388.00 1500 -15.40747
390 389.00 1500 -15.37978
391 390.00 1500 -15.35188
392 391.00 1500 -15.32460
393 392.00 1500 -15.29700
394 393.00 1500 -15.26992
395 394.00 1500 -15.24251
396 395.00 1500 -15.21533
397 396.00 1500 -15.18832
398 397.00 1500 -15.16143
399 398.00 1500 -15.13462
400 399.00 1500 -15.10761
401 400.00 1500 -15.08100
402 401.00 1500 -15.05458
403 402.00 1500 -15.02826
404 403.00 1500 -15.00203
405 404.00 1500 -14.97591
406 405.00 1500 -14.94944
407 406.00 1500 -14.92371
408 407.00 1500 -14.89743
409 408.00 1500 -14.87188
410 409.00 1500 -14.84580
411 410.00 1500 -14.82024
412 411.00 1500 -14.79454
413 412.00 1500 -14.76894
414 413.00 1500 -14.74342
415 414.00 1500 -14.71757
416 415.00 1500 -14.69248
417 416.00 1500 -14.66702
418 417.00 1500 -14.64211
419 418.00 1500 -14.61683
420 419.00 1500 -14.59231
421 420.00 1500 -14.56722
422 421.00 1500 -14.54288
423 422.00 1500 -14.51797
424 423.00 1500 -14.49382
425 424.00 1500 -14.46909
426 425.00 1500 -14.44512
427 426.00 1500 -14.42057
428 427.00 1500 -14.39635
429 428.00 1500 -14.37265
430 429.00 1500 -14.34838
431 430.00 1500 -14.32485
432 431.00 1500 -14.30076
433 432.00 1500 -14.27742
434 433.00 1500 -14.25326
435 434.00 1500 -14.23009
436 435.00 1500 -14.20607
437 436.00 1500 -14.18308
438 437.00 1500 -14.15923
439 438.00 1500 -14.13642
440 439.00 1500 -14.11301
441 440.00 1500 -14.09011
442 441.00 1500 -14.06688
443 442.00 1500 -14.04395
444 443.00 1500 -14.02110
445 444.00 1500 -13.99835
446 445.00 1500 -13.97568
447 446.00 1500 -13.95335
448 447.00 1500 -13.93061
449 448.00 1500 -13.90845
450 449.00 1500 -13.88635
451 450.00 1500 -13.86391
452 451.00 1500 -13.84222
453 452.00 1500 -13.81970
454 453.00 1500 -13.79819
455 454.00 1500 -13.77606
456 455.00 1500 -13.75471
457 456.00 1500 -13.73275
458 457.00 1500 -13.71158
459 458.00 1500 -13.69004
460 459.00 1500 -13.66824
461 460.00 1500 -13.64687
462 461.00 1500 -13.62525
463 462.00 1500 -13.60405
464 463.00 1500 -13.58340
465 464.00 1500 -13.56157
466 465.00 1500 -13.54108
467 466.00 1500 -13.51965
468 467.00 1500 -13.49933
469 468.00 1500 -13.47830
470 469.00 1500 -13.45791
471 470.00 1500 -13.43784
472 471.00 1500 -13.41685
473 472.00 1500 -13.39694
474 473.00 1500 -13.37611
475 474.00 1500 -13.35637
476 475.00 1500 -13.33570
477 476.00 1500 -13.31552
478 477.00 1500 -13.29580
479 478.00 1500 -13.27562
480 479.00 1500 -13.25546
481 480.00 1500 -13.23572
482 481.00 1500 -13.21606
483 482.00 1500 -13.19638
484 483.00 1500 -13.17638
485 484.00 1500 -13.15748
486 485.00 1500 -13.13732
487 486.00 1500 -13.11830
488 487.00 1500 -13.09915
489 488.00 1500 -13.07996
490 489.00 1500 -13.06119
491 490.00 1500 -13.04228
492 491.00 1500 -13.02394
493 492.00 1500 -13.00432
494 493.00 1500 -12.98615
495 494.00 1500 -12.96779
496 495.00 1500 -12.94869
497 496.00 1500 -12.93076
498 497.00 1500 -12.91238
499 498.00 1500 -12.89403
500 499.00 1500 -12.87609
501 500.00 1500 -12.85821

