$reaction
    coeff    name formula state ispecies
65     -1     NH3     NH3    aq       65
926    -1 methane     CH4    aq      926
471     1     CN-     CN-    aq      471
3       1      H+      H+    aq        3
63      3      H2      H2    aq       63

$out
         T    P      logK
1     0.01 1500 -56.15310
2     1.00 1500 -55.94229
3     2.00 1500 -55.73066
4     3.00 1500 -55.52032
5     4.00 1500 -55.31129
6     5.00 1500 -55.10356
7     6.00 1500 -54.89711
8     7.00 1500 -54.69196
9     8.00 1500 -54.48809
10    9.00 1500 -54.28549
11   10.00 1500 -54.08417
12   11.00 1500 -53.88411
13   12.00 1500 -53.68530
14   13.00 1500 -53.48774
15   14.00 1500 -53.29142
16   15.00 1500 -53.09634
17   16.00 1500 -52.90248
18   17.00 1500 -52.70983
19   18.00 1500 -52.51839
20   19.00 1500 -52.32815
21   20.00 1500 -52.13910
22   21.00 1500 -51.95123
23   22.00 1500 -51.76453
24   23.00 1500 -51.57899
25   24.00 1500 -51.39461
26   25.00 1500 -51.21137
27   26.00 1500 -51.02927
28   27.00 1500 -50.84829
29   28.00 1500 -50.66843
30   29.00 1500 -50.48968
31   30.00 1500 -50.31203
32   31.00 1500 -50.13547
33   32.00 1500 -49.95999
34   33.00 1500 -49.78558
35   34.00 1500 -49.61223
36   35.00 1500 -49.43994
37   36.00 1500 -49.26870
38   37.00 1500 -49.09849
39   38.00 1500 -48.92931
40   39.00 1500 -48.76116
41   40.00 1500 -48.59401
42   41.00 1500 -48.42786
43   42.00 1500 -48.26271
44   43.00 1500 -48.09854
45   44.00 1500 -47.93536
46   45.00 1500 -47.77314
47   46.00 1500 -47.61188
48   47.00 1500 -47.45157
49   48.00 1500 -47.29221
50   49.00 1500 -47.13379
51   50.00 1500 -46.97630
52   51.00 1500 -46.81972
53   52.00 1500 -46.66406
54   53.00 1500 -46.50931
55   54.00 1500 -46.35545
56   55.00 1500 -46.20248
57   56.00 1500 -46.05040
58   57.00 1500 -45.89919
59   58.00 1500 -45.74886
60   59.00 1500 -45.59938
61   60.00 1500 -45.45075
62   61.00 1500 -45.30297
63   62.00 1500 -45.15604
64   63.00 1500 -45.00993
65   64.00 1500 -44.86465
66   65.00 1500 -44.72019
67   66.00 1500 -44.57654
68   67.00 1500 -44.43370
69   68.00 1500 -44.29165
70   69.00 1500 -44.15040
71   70.00 1500 -44.00993
72   71.00 1500 -43.87025
73   72.00 1500 -43.73133
74   73.00 1500 -43.59318
75   74.00 1500 -43.45580
76   75.00 1500 -43.31916
77   76.00 1500 -43.18328
78   77.00 1500 -43.04813
79   78.00 1500 -42.91372
80   79.00 1500 -42.78005
81   80.00 1500 -42.64709
82   81.00 1500 -42.51486
83   82.00 1500 -42.38333
84   83.00 1500 -42.25252
85   84.00 1500 -42.12240
86   85.00 1500 -41.99298
87   86.00 1500 -41.86426
88   87.00 1500 -41.73621
89   88.00 1500 -41.60885
90   89.00 1500 -41.48216
91   90.00 1500 -41.35613
92   91.00 1500 -41.23077
93   92.00 1500 -41.10607
94   93.00 1500 -40.98202
95   94.00 1500 -40.85862
96   95.00 1500 -40.73587
97   96.00 1500 -40.61375
98   97.00 1500 -40.49226
99   98.00 1500 -40.37140
100  99.00 1500 -40.25117
101 100.00 1500 -40.15170
102 101.00 1500 -40.03268
103 102.00 1500 -39.91425
104 103.00 1500 -39.79643
105 104.00 1500 -39.67919
106 105.00 1500 -39.56254
107 106.00 1500 -39.44648
108 107.00 1500 -39.33099
109 108.00 1500 -39.21608
110 109.00 1500 -39.10174
111 110.00 1500 -38.98797
112 111.00 1500 -38.87476
113 112.00 1500 -38.76210
114 113.00 1500 -38.65000
115 114.00 1500 -38.53845
116 115.00 1500 -38.42745
117 116.00 1500 -38.31699
118 117.00 1500 -38.20706
119 118.00 1500 -38.09767
120 119.00 1500 -37.98881
121 120.00 1500 -37.88048
122 121.00 1500 -37.77267
123 122.00 1500 -37.66538
124 123.00 1500 -37.55861
125 124.00 1500 -37.45235
126 125.00 1500 -37.34659
127 126.00 1500 -37.24134
128 127.00 1500 -37.13660
129 128.00 1500 -37.03235
130 129.00 1500 -36.92859
131 130.00 1500 -36.82533
132 131.00 1500 -36.72255
133 132.00 1500 -36.62026
134 133.00 1500 -36.51845
135 134.00 1500 -36.41711
136 135.00 1500 -36.31625
137 136.00 1500 -36.21586
138 137.00 1500 -36.11594
139 138.00 1500 -36.01648
140 139.00 1500 -35.91749
141 140.00 1500 -35.81895
142 141.00 1500 -35.72087
143 142.00 1500 -35.62323
144 143.00 1500 -35.52605
145 144.00 1500 -35.42932
146 145.00 1500 -35.33303
147 146.00 1500 -35.23717
148 147.00 1500 -35.14176
149 148.00 1500 -35.04677
150 149.00 1500 -34.95222
151 150.00 1500 -34.85810
152 151.00 1500 -34.76441
153 152.00 1500 -34.67113
154 153.00 1500 -34.57828
155 154.00 1500 -34.48584
156 155.00 1500 -34.39382
157 156.00 1500 -34.30221
158 157.00 1500 -34.21101
159 158.00 1500 -34.12022
160 159.00 1500 -34.02983
161 160.00 1500 -33.93984
162 161.00 1500 -33.85025
163 162.00 1500 -33.76106
164 163.00 1500 -33.67225
165 164.00 1500 -33.58384
166 165.00 1500 -33.49582
167 166.00 1500 -33.40819
168 167.00 1500 -33.32094
169 168.00 1500 -33.23407
170 169.00 1500 -33.14757
171 170.00 1500 -33.06146
172 171.00 1500 -32.97572
173 172.00 1500 -32.89035
174 173.00 1500 -32.80535
175 174.00 1500 -32.72071
176 175.00 1500 -32.63644
177 176.00 1500 -32.55254
178 177.00 1500 -32.46899
179 178.00 1500 -32.38580
180 179.00 1500 -32.30297
181 180.00 1500 -32.22049
182 181.00 1500 -32.13836
183 182.00 1500 -32.05659
184 183.00 1500 -31.97515
185 184.00 1500 -31.89407
186 185.00 1500 -31.81332
187 186.00 1500 -31.73292
188 187.00 1500 -31.65286
189 188.00 1500 -31.57313
190 189.00 1500 -31.49374
191 190.00 1500 -31.41468
192 191.00 1500 -31.33595
193 192.00 1500 -31.25755
194 193.00 1500 -31.17947
195 194.00 1500 -31.10172
196 195.00 1500 -31.02430
197 196.00 1500 -30.94719
198 197.00 1500 -30.87041
199 198.00 1500 -30.79394
200 199.00 1500 -30.71778
201 200.00 1500 -30.64194
202 201.00 1500 -30.56641
203 202.00 1500 -30.49119
204 203.00 1500 -30.41628
205 204.00 1500 -30.34167
206 205.00 1500 -30.26737
207 206.00 1500 -30.19337
208 207.00 1500 -30.11968
209 208.00 1500 -30.04628
210 209.00 1500 -29.97318
211 210.00 1500 -29.90037
212 211.00 1500 -29.82786
213 212.00 1500 -29.75564
214 213.00 1500 -29.68371
215 214.00 1500 -29.61207
216 215.00 1500 -29.54072
217 216.00 1500 -29.46965
218 217.00 1500 -29.39887
219 218.00 1500 -29.32837
220 219.00 1500 -29.25814
221 220.00 1500 -29.18821
222 221.00 1500 -29.11854
223 222.00 1500 -29.04915
224 223.00 1500 -28.98004
225 224.00 1500 -28.91120
226 225.00 1500 -28.84264
227 226.00 1500 -28.77434
228 227.00 1500 -28.70631
229 228.00 1500 -28.63855
230 229.00 1500 -28.57105
231 230.00 1500 -28.50382
232 231.00 1500 -28.43685
233 232.00 1500 -28.37014
234 233.00 1500 -28.30369
235 234.00 1500 -28.23750
236 235.00 1500 -28.17157
237 236.00 1500 -28.10589
238 237.00 1500 -28.04046
239 238.00 1500 -27.97529
240 239.00 1500 -27.91037
241 240.00 1500 -27.84570
242 241.00 1500 -27.78128
243 242.00 1500 -27.71711
244 243.00 1500 -27.65318
245 244.00 1500 -27.58950
246 245.00 1500 -27.52606
247 246.00 1500 -27.46286
248 247.00 1500 -27.39991
249 248.00 1500 -27.33719
250 249.00 1500 -27.27471
251 250.00 1500 -27.21247
252 251.00 1500 -27.15046
253 252.00 1500 -27.08869
254 253.00 1500 -27.02715
255 254.00 1500 -26.96585
256 255.00 1500 -26.90477
257 256.00 1500 -26.84393
258 257.00 1500 -26.78331
259 258.00 1500 -26.72292
260 259.00 1500 -26.66276
261 260.00 1500 -26.60282
262 261.00 1500 -26.54310
263 262.00 1500 -26.48361
264 263.00 1500 -26.42434
265 264.00 1500 -26.36529
266 265.00 1500 -26.30646
267 266.00 1500 -26.24784
268 267.00 1500 -26.18945
269 268.00 1500 -26.13127
270 269.00 1500 -26.07330
271 270.00 1500 -26.01555
272 271.00 1500 -25.95801
273 272.00 1500 -25.90068
274 273.00 1500 -25.84356
275 274.00 1500 -25.78665
276 275.00 1500 -25.72995
277 276.00 1500 -25.67346
278 277.00 1500 -25.61717
279 278.00 1500 -25.56109
280 279.00 1500 -25.50522
281 280.00 1500 -25.44954
282 281.00 1500 -25.39407
283 282.00 1500 -25.33880
284 283.00 1500 -25.28373
285 284.00 1500 -25.22886
286 285.00 1500 -25.17419
287 286.00 1500 -25.11971
288 287.00 1500 -25.06543
289 288.00 1500 -25.01135
290 289.00 1500 -24.95746
291 290.00 1500 -24.90377
292 291.00 1500 -24.85026
293 292.00 1500 -24.79695
294 293.00 1500 -24.74383
295 294.00 1500 -24.69090
296 295.00 1500 -24.63816
297 296.00 1500 -24.58560
298 297.00 1500 -24.53324
299 298.00 1500 -24.48106
300 299.00 1500 -24.42906
301 300.00 1500 -24.37725
302 301.00 1500 -24.32562
303 302.00 1500 -24.27418
304 303.00 1500 -24.22292
305 304.00 1500 -24.17183
306 305.00 1500 -24.12093
307 306.00 1500 -24.07021
308 307.00 1500 -24.01967
309 308.00 1500 -23.96930
310 309.00 1500 -23.91911
311 310.00 1500 -23.86910
312 311.00 1500 -23.81926
313 312.00 1500 -23.76960
314 313.00 1500 -23.72011
315 314.00 1500 -23.67079
316 315.00 1500 -23.62165
317 316.00 1500 -23.57268
318 317.00 1500 -23.52387
319 318.00 1500 -23.47524
320 319.00 1500 -23.42678
321 320.00 1500 -23.37848
322 321.00 1500 -23.33035
323 322.00 1500 -23.28240
324 323.00 1500 -23.23460
325 324.00 1500 -23.18697
326 325.00 1500 -23.13951
327 326.00 1500 -23.09221
328 327.00 1500 -23.04507
329 328.00 1500 -22.99810
330 329.00 1500 -22.95128
331 330.00 1500 -22.90463
332 331.00 1500 -22.85814
333 332.00 1500 -22.81181
334 333.00 1500 -22.76564
335 334.00 1500 -22.71962
336 335.00 1500 -22.67377
337 336.00 1500 -22.62807
338 337.00 1500 -22.58253
339 338.00 1500 -22.53714
340 339.00 1500 -22.49191
341 340.00 1500 -22.44683
342 341.00 1500 -22.40191
343 342.00 1500 -22.35714
344 343.00 1500 -22.31252
345 344.00 1500 -22.26805
346 345.00 1500 -22.22374
347 346.00 1500 -22.17958
348 347.00 1500 -22.13557
349 348.00 1500 -22.09170
350 349.00 1500 -22.04799
351 350.00 1500 -22.00442
352 351.00 1500 -21.96100
353 352.00 1500 -21.91773
354 353.00 1500 -21.87461
355 354.00 1500 -21.83163
356 355.00 1500 -21.78880
357 356.00 1500 -21.74611
358 357.00 1500 -21.70357
359 358.00 1500 -21.66117
360 359.00 1500 -21.61891
361 360.00 1500 -21.57680
362 361.00 1500 -21.53482
363 362.00 1500 -21.49300
364 363.00 1500 -21.45131
365 364.00 1500 -21.40976
366 365.00 1500 -21.36835
367 366.00 1500 -21.32708
368 367.00 1500 -21.28596
369 368.00 1500 -21.24497
370 369.00 1500 -21.20411
371 370.00 1500 -21.16340
372 371.00 1500 -21.12282
373 372.00 1500 -21.08238
374 373.00 1500 -21.04208
375 374.00 1500 -21.00191
376 375.00 1500 -20.96187
377 376.00 1500 -20.92197
378 377.00 1500 -20.88221
379 378.00 1500 -20.84258
380 379.00 1500 -20.80308
381 380.00 1500 -20.76371
382 381.00 1500 -20.72448
383 382.00 1500 -20.68538
384 383.00 1500 -20.64641
385 384.00 1500 -20.60757
386 385.00 1500 -20.56886
387 386.00 1500 -20.53028
388 387.00 1500 -20.49183
389 388.00 1500 -20.45352
390 389.00 1500 -20.41532
391 390.00 1500 -20.37726
392 391.00 1500 -20.33933
393 392.00 1500 -20.30152
394 393.00 1500 -20.26385
395 394.00 1500 -20.22629
396 395.00 1500 -20.18887
397 396.00 1500 -20.15157
398 397.00 1500 -20.11440
399 398.00 1500 -20.07734
400 399.00 1500 -20.04042
401 400.00 1500 -20.00362
402 401.00 1500 -19.96695
403 402.00 1500 -19.93040
404 403.00 1500 -19.89397
405 404.00 1500 -19.85767
406 405.00 1500 -19.82148
407 406.00 1500 -19.78543
408 407.00 1500 -19.74948
409 408.00 1500 -19.71367
410 409.00 1500 -19.67797
411 410.00 1500 -19.64240
412 411.00 1500 -19.60694
413 412.00 1500 -19.57161
414 413.00 1500 -19.53640
415 414.00 1500 -19.50131
416 415.00 1500 -19.46633
417 416.00 1500 -19.43147
418 417.00 1500 -19.39673
419 418.00 1500 -19.36211
420 419.00 1500 -19.32761
421 420.00 1500 -19.29323
422 421.00 1500 -19.25896
423 422.00 1500 -19.22482
424 423.00 1500 -19.19078
425 424.00 1500 -19.15686
426 425.00 1500 -19.12306
427 426.00 1500 -19.08938
428 427.00 1500 -19.05581
429 428.00 1500 -19.02235
430 429.00 1500 -18.98901
431 430.00 1500 -18.95579
432 431.00 1500 -18.92268
433 432.00 1500 -18.88968
434 433.00 1500 -18.85680
435 434.00 1500 -18.82403
436 435.00 1500 -18.79138
437 436.00 1500 -18.75883
438 437.00 1500 -18.72640
439 438.00 1500 -18.69408
440 439.00 1500 -18.66188
441 440.00 1500 -18.62978
442 441.00 1500 -18.59780
443 442.00 1500 -18.56593
444 443.00 1500 -18.53417
445 444.00 1500 -18.50253
446 445.00 1500 -18.47099
447 446.00 1500 -18.43956
448 447.00 1500 -18.40824
449 448.00 1500 -18.37703
450 449.00 1500 -18.34594
451 450.00 1500 -18.31495
452 451.00 1500 -18.28407
453 452.00 1500 -18.25330
454 453.00 1500 -18.22264
455 454.00 1500 -18.19208
456 455.00 1500 -18.16164
457 456.00 1500 -18.13131
458 457.00 1500 -18.10107
459 458.00 1500 -18.07095
460 459.00 1500 -18.04094
461 460.00 1500 -18.01103
462 461.00 1500 -17.98124
463 462.00 1500 -17.95154
464 463.00 1500 -17.92196
465 464.00 1500 -17.89248
466 465.00 1500 -17.86310
467 466.00 1500 -17.83383
468 467.00 1500 -17.80468
469 468.00 1500 -17.77562
470 469.00 1500 -17.74667
471 470.00 1500 -17.71783
472 471.00 1500 -17.68909
473 472.00 1500 -17.66045
474 473.00 1500 -17.63193
475 474.00 1500 -17.60350
476 475.00 1500 -17.57517
477 476.00 1500 -17.54696
478 477.00 1500 -17.51884
479 478.00 1500 -17.49084
480 479.00 1500 -17.46294
481 480.00 1500 -17.43513
482 481.00 1500 -17.40743
483 482.00 1500 -17.37984
484 483.00 1500 -17.35234
485 484.00 1500 -17.32496
486 485.00 1500 -17.29767
487 486.00 1500 -17.27048
488 487.00 1500 -17.24340
489 488.00 1500 -17.21643
490 489.00 1500 -17.18954
491 490.00 1500 -17.16277
492 491.00 1500 -17.13609
493 492.00 1500 -17.10952
494 493.00 1500 -17.08305
495 494.00 1500 -17.05668
496 495.00 1500 -17.03041
497 496.00 1500 -17.00424
498 497.00 1500 -16.97817
499 498.00 1500 -16.95221
500 499.00 1500 -16.92635
501 500.00 1500 -16.90058

